1.3001120999999999927609906e+00
1.0379248919999999145602487e+02
1.3001007999999998343554353e+00
1.0379247679999998865696398e+02
1.3000895999999999563812025e+00
1.0379246429999999179472070e+02
1.3000781999999999616335344e+00
1.0379245179999999493247742e+02
1.3000669999999998616146968e+00
1.0379243939999999213341653e+02
1.3000556999999999252537464e+00
1.0379242689999999527117325e+02
1.3000443999999999888927960e+00
1.0379241479999998887251422e+02
1.3000331999999998888739583e+00
1.0379240249999999434749043e+02
1.3000221999999999056285560e+00
1.0379239040000000215968612e+02
1.3000114000000000391565891e+00
1.0379237849999999809824658e+02
1.3000011000000000205290007e+00
1.0379236670000000231084414e+02
1.2999908999999998382435251e+00
1.0379235519999998871298885e+02
1.2999810999999998895049202e+00
1.0379234420000000227446435e+02
1.2999716999999999522685812e+00
1.0379233309999999335104803e+02
1.2999623000000000150322421e+00
1.0379232199999999863848643e+02
1.2999547999999998548759095e+00
1.0379231109999999205228960e+02
1.2999460000000000459152716e+00
1.0379230119999999715219019e+02
1.2999380000000000379145604e+00
1.0379229119999999397805368e+02
1.2999301999999999246426796e+00
1.0379228169999998954153853e+02
1.2999224999999998697575165e+00
1.0379227309999998851708369e+02
1.2999150999999999900325065e+00
1.0379226500000000044110493e+02
1.2999077999999999466496092e+00
1.0379225739999999689189281e+02
1.2999007000000000200401473e+00
1.0379224990000000161671778e+02
1.2998935000000000350439677e+00
1.0379224269999998853108991e+02
1.2998867999999998978921667e+00
1.0379223609999999666797521e+02
1.2998802999999998775138010e+00
1.0379222989999999526844476e+02
1.2998742999999999270244189e+00
1.0379222439999999494375515e+02
1.2998681999999999181483190e+00
1.0379221919999999101946742e+02
1.2998624999999999207744850e+00
1.0379221459999999410683813e+02
1.2998578999999998995207307e+00
1.0379221049999999593183020e+02
1.2998532000000000419248636e+00
1.0379220699999999055762601e+02
1.2998488999999999737866574e+00
1.0379220349999999939427653e+02
1.2998448999999998587639993e+00
1.0379220010000000229410944e+02
1.2998411999999999189014943e+00
1.0379219729999999799474608e+02
1.2998380999999998852700855e+00
1.0379219439999999963220034e+02
1.2998350999999999100253945e+00
1.0379219179999999767005647e+02
1.2998323999999998878962515e+00
1.0379218969999999444553396e+02
1.2998296999999998657671085e+00
1.0379218739999998888379196e+02
1.2998273000000000187981186e+00
1.0379218550000000220734364e+02
1.2998252999999999612867896e+00
1.0379218369999999538322299e+02
1.2998239000000000320511617e+00
1.0379218269999999790798029e+02
1.2998225999999999391576466e+00
1.0379218159999999215870048e+02
1.2998214999999999630375669e+00
1.0379218099999999935789674e+02
1.2998212000000000099220188e+00
1.0379218079999999702067726e+02
1.2998212000000000099220188e+00
1.0379218079999999702067726e+02
1.2998208999999998347618657e+00
1.0379218079999999702067726e+02
1.2998205000000000453042048e+00
1.0379218079999999702067726e+02
1.2998201000000000338019390e+00
1.0379218069999998874664016e+02
1.2998198999999999170285037e+00
1.0379218059999999468345777e+02
1.2998194999999999055262379e+00
1.0379218050000000062027539e+02
1.2998190999999998940239720e+00
1.0379218039999999234623829e+02
1.2998187999999999409084239e+00
1.0379218019999999000901880e+02
1.2998184999999999877928758e+00
1.0379218009999999594583642e+02
1.2998183999999999294061581e+00
1.0379218009999999594583642e+02
1.2998182999999998710194404e+00
1.0379218009999999594583642e+02
1.2998182999999998710194404e+00
1.0379218000000000188265403e+02
1.2998182999999998710194404e+00
1.0379218000000000188265403e+02
1.2998182999999998710194404e+00
1.0379217989999999360861693e+02
1.2998183999999999294061581e+00
1.0379217989999999360861693e+02
1.2998186000000000461795935e+00
1.0379217979999999954543455e+02
1.2998187999999999409084239e+00
1.0379217979999999954543455e+02
1.2998189999999998356372544e+00
1.0379217969999999127139745e+02
1.2998190999999998940239720e+00
1.0379217969999999127139745e+02
1.2998193000000000107974074e+00
1.0379217969999999127139745e+02
1.2998193999999998471395202e+00
1.0379217969999999127139745e+02
1.2998194999999999055262379e+00
1.0379217979999999954543455e+02
1.2998195999999999639129555e+00
1.0379217979999999954543455e+02
1.2998195999999999639129555e+00
1.0379217989999999360861693e+02
1.2998195999999999639129555e+00
1.0379218000000000188265403e+02
1.2998194999999999055262379e+00
1.0379218019999999000901880e+02
1.2998193999999998471395202e+00
1.0379218029999999828305590e+02
1.2998193999999998471395202e+00
1.0379218029999999828305590e+02
1.2998193000000000107974074e+00
1.0379218039999999234623829e+02
1.2998193000000000107974074e+00
1.0379218039999999234623829e+02
1.2998193000000000107974074e+00
1.0379218050000000062027539e+02
1.2998190999999998940239720e+00
1.0379218059999999468345777e+02
1.2998190999999998940239720e+00
1.0379218059999999468345777e+02
1.2998190999999998940239720e+00
1.0379218059999999468345777e+02
1.2998189999999998356372544e+00
1.0379218059999999468345777e+02
1.2998189999999998356372544e+00
1.0379218059999999468345777e+02
1.2998188999999999992951416e+00
1.0379218059999999468345777e+02
1.2998188999999999992951416e+00
1.0379218059999999468345777e+02
1.2998187999999999409084239e+00
1.0379218059999999468345777e+02
1.2998187999999999409084239e+00
1.0379218059999999468345777e+02
1.2998186999999998825217062e+00
1.0379218059999999468345777e+02
1.2998186999999998825217062e+00
1.0379218059999999468345777e+02
1.2998186000000000461795935e+00
1.0379218059999999468345777e+02
1.2998184999999999877928758e+00
1.0379218059999999468345777e+02
1.2998183999999999294061581e+00
1.0379218050000000062027539e+02
1.2998183999999999294061581e+00
1.0379218050000000062027539e+02
1.2998182999999998710194404e+00
1.0379218050000000062027539e+02
1.2998182999999998710194404e+00
1.0379218039999999234623829e+02
1.2998182000000000346773277e+00
1.0379218050000000062027539e+02
1.2998180999999999762906100e+00
1.0379218039999999234623829e+02
1.2998180999999999762906100e+00
1.0379218029999999828305590e+02
1.2998179999999999179038923e+00
1.0379218019999999000901880e+02
1.2998178999999998595171746e+00
1.0379218009999999594583642e+02
1.2998178000000000231750619e+00
1.0379218000000000188265403e+02
1.2998178000000000231750619e+00
1.0379218000000000188265403e+02
1.2998176999999999647883442e+00
1.0379217979999999954543455e+02
1.2998175999999999064016265e+00
1.0379217969999999127139745e+02
1.2998175999999999064016265e+00
1.0379217959999999720821506e+02
1.2998174999999998480149088e+00
1.0379217949999998893417796e+02
1.2998174000000000116727961e+00
1.0379217939999999487099558e+02
1.2998172999999999532860784e+00
1.0379217930000000080781319e+02
1.2998171999999998948993607e+00
1.0379217909999999847059371e+02
1.2998170999999998365126430e+00
1.0379217899999999019655661e+02
1.2998170999999998365126430e+00
1.0379217889999999613337422e+02
1.2998170000000000001705303e+00
1.0379217869999999379615474e+02
1.2998168999999999417838126e+00
1.0379217859999999973297236e+02
1.2998167999999998833970949e+00
1.0379217839999999739575287e+02
1.2998167999999998833970949e+00
1.0379217819999999505853339e+02
1.2998167000000000470549821e+00
1.0379217810000000099535100e+02
1.2998165999999999886682645e+00
1.0379217789999999865813152e+02
1.2998165999999999886682645e+00
1.0379217779999999038409442e+02
1.2998164999999999302815468e+00
1.0379217760000000225772965e+02
1.2998164999999999302815468e+00
1.0379217749999999398369255e+02
1.2998163999999998718948291e+00
1.0379217749999999398369255e+02
1.2998163000000000355527163e+00
1.0379217739999999992051016e+02
1.2998163000000000355527163e+00
1.0379217729999999164647306e+02
1.2998161999999999771659986e+00
1.0379217719999999758329068e+02
1.2998160999999999187792810e+00
1.0379217719999999758329068e+02
1.2998159999999998603925633e+00
1.0379217709999998930925358e+02
1.2998159000000000240504505e+00
1.0379217690000000118288881e+02
1.2998157999999999656637328e+00
1.0379217669999999884566932e+02
1.2998156999999999072770152e+00
1.0379217659999999057163222e+02
1.2998155999999998488902975e+00
1.0379217649999999650844984e+02
1.2998153999999999541614670e+00
1.0379217639999998823441274e+02
1.2998152999999998957747493e+00
1.0379217629999999417123036e+02
1.2998151000000000010459189e+00
1.0379217620000000010804797e+02
1.2998149999999999426592012e+00
1.0379217599999999777082849e+02
1.2998148000000000479303708e+00
1.0379217579999999543360900e+02
1.2998146999999999895436531e+00
1.0379217570000000137042662e+02
1.2998144999999998727702177e+00
1.0379217549999999903320713e+02
1.2998144000000000364281050e+00
1.0379217539999999075917003e+02
1.2998142999999999780413873e+00
1.0379217519999998842195055e+02
1.2998141999999999196546696e+00
1.0379217509999999435876816e+02
1.2998140000000000249258392e+00
1.0379217489999999202154868e+02
1.2998138999999999665391215e+00
1.0379217479999999795836629e+02
1.2998136999999998497656861e+00
1.0379217459999999562114681e+02
1.2998133999999998966501380e+00
1.0379217450000000155796442e+02
1.2998132000000000019213076e+00
1.0379217439999999328392732e+02
1.2998129999999998851478722e+00
1.0379217429999999922074494e+02
1.2998127999999999904190418e+00
1.0379217429999999922074494e+02
1.2998125999999998736456064e+00
1.0379217429999999922074494e+02
1.2998125999999998736456064e+00
1.0379217419999999094670784e+02
1.2998125999999998736456064e+00
1.0379217409999999688352545e+02
1.2998125000000000373034936e+00
1.0379217399999998860948835e+02
1.2998123999999999789167759e+00
1.0379217399999998860948835e+02
1.2998123999999999789167759e+00
1.0379217399999998860948835e+02
1.2998122999999999205300583e+00
1.0379217399999998860948835e+02
1.2998121999999998621433406e+00
1.0379217399999998860948835e+02
1.2998121999999998621433406e+00
1.0379217399999998860948835e+02
1.2998121000000000258012278e+00
1.0379217399999998860948835e+02
1.2998121000000000258012278e+00
1.0379217399999998860948835e+02
1.2998121999999998621433406e+00
1.0379217409999999688352545e+02
1.2998121999999998621433406e+00
1.0379217419999999094670784e+02
1.2998121999999998621433406e+00
1.0379217429999999922074494e+02
1.2998121999999998621433406e+00
1.0379217439999999328392732e+02
1.2998121999999998621433406e+00
1.0379217439999999328392732e+02
1.2998121999999998621433406e+00
1.0379217450000000155796442e+02
1.2998121999999998621433406e+00
1.0379217459999999562114681e+02
1.2998121999999998621433406e+00
1.0379217479999999795836629e+02
1.2998121000000000258012278e+00
1.0379217489999999202154868e+02
1.2998121999999998621433406e+00
1.0379217509999999435876816e+02
1.2998121000000000258012278e+00
1.0379217529999999669598765e+02
1.2998121000000000258012278e+00
1.0379217549999999903320713e+02
1.2998119999999999674145101e+00
1.0379217570000000137042662e+02
1.2998119999999999674145101e+00
1.0379217589999998949679139e+02
1.2998118999999999090277925e+00
1.0379217609999999183401087e+02
1.2998117999999998506410748e+00
1.0379217639999998823441274e+02
1.2998117999999998506410748e+00
1.0379217669999999884566932e+02
1.2998117000000000142989620e+00
1.0379217679999999290885171e+02
1.2998115999999999559122443e+00
1.0379217699999999524607119e+02
1.2998115999999999559122443e+00
1.0379217719999999758329068e+02
1.2998115999999999559122443e+00
1.0379217739999999992051016e+02
1.2998114999999998975255266e+00
1.0379217760000000225772965e+02
1.2998114999999998975255266e+00
1.0379217779999999038409442e+02
1.2998113999999998391388090e+00
1.0379217789999999865813152e+02
1.2998113999999998391388090e+00
1.0379217810000000099535100e+02
1.2998113999999998391388090e+00
1.0379217819999999505853339e+02
1.2998113000000000027966962e+00
1.0379217839999999739575287e+02
1.2998113000000000027966962e+00
1.0379217849999999145893526e+02
1.2998113000000000027966962e+00
1.0379217859999999973297236e+02
1.2998111999999999444099785e+00
1.0379217869999999379615474e+02
1.2998111999999999444099785e+00
1.0379217880000000207019184e+02
1.2998111999999999444099785e+00
1.0379217880000000207019184e+02
1.2998111999999999444099785e+00
1.0379217889999999613337422e+02
1.2998111999999999444099785e+00
1.0379217899999999019655661e+02
1.2998111999999999444099785e+00
1.0379217909999999847059371e+02
1.2998111999999999444099785e+00
1.0379217919999999253377609e+02
1.2998113000000000027966962e+00
1.0379217919999999253377609e+02
1.2998113000000000027966962e+00
1.0379217919999999253377609e+02
1.2998113000000000027966962e+00
1.0379217919999999253377609e+02
1.2998113999999998391388090e+00
1.0379217930000000080781319e+02
1.2998113000000000027966962e+00
1.0379217930000000080781319e+02
1.2998113999999998391388090e+00
1.0379217930000000080781319e+02
1.2998113999999998391388090e+00
1.0379217930000000080781319e+02
1.2998113999999998391388090e+00
1.0379217939999999487099558e+02
1.2998113999999998391388090e+00
1.0379217949999998893417796e+02
1.2998113999999998391388090e+00
1.0379217959999999720821506e+02
1.2998113999999998391388090e+00
1.0379217969999999127139745e+02
1.2998114999999998975255266e+00
1.0379217989999999360861693e+02
1.2998113999999998391388090e+00
1.0379218000000000188265403e+02
1.2998113999999998391388090e+00
1.0379218000000000188265403e+02
1.2998113999999998391388090e+00
1.0379218009999999594583642e+02
1.2998114999999998975255266e+00
1.0379218029999999828305590e+02
1.2998115999999999559122443e+00
1.0379218039999999234623829e+02
1.2998115999999999559122443e+00
1.0379218050000000062027539e+02
1.2998115999999999559122443e+00
1.0379218050000000062027539e+02
1.2998117000000000142989620e+00
1.0379218050000000062027539e+02
1.2998117000000000142989620e+00
1.0379218059999999468345777e+02
1.2998117999999998506410748e+00
1.0379218059999999468345777e+02
1.2998118999999999090277925e+00
1.0379218069999998874664016e+02
1.2998119999999999674145101e+00
1.0379218079999999702067726e+02
1.2998121000000000258012278e+00
1.0379218089999999108385964e+02
1.2998122999999999205300583e+00
1.0379218099999999935789674e+02
1.2998122999999999205300583e+00
1.0379218099999999935789674e+02
1.2998123999999999789167759e+00
1.0379218109999999342107913e+02
1.2998125000000000373034936e+00
1.0379218109999999342107913e+02
1.2998125999999998736456064e+00
1.0379218120000000169511623e+02
1.2998125999999998736456064e+00
1.0379218120000000169511623e+02
1.2998126999999999320323241e+00
1.0379218129999999575829861e+02
1.2998127999999999904190418e+00
1.0379218129999999575829861e+02
1.2998127999999999904190418e+00
1.0379218139999998982148099e+02
1.2998127999999999904190418e+00
1.0379218139999998982148099e+02
1.2998129000000000488057594e+00
1.0379218149999999809551809e+02
1.2998129999999998851478722e+00
1.0379218159999999215870048e+02
1.2998130999999999435345899e+00
1.0379218159999999215870048e+02
1.2998132000000000019213076e+00
1.0379218170000000043273758e+02
1.2998132000000000019213076e+00
1.0379218179999999449591996e+02
1.2998132999999998382634203e+00
1.0379218179999999449591996e+02
1.2998133999999998966501380e+00
1.0379218189999998855910235e+02
1.2998133999999998966501380e+00
1.0379218189999998855910235e+02
1.2998133999999998966501380e+00
1.0379218199999999683313945e+02
1.2998132999999998382634203e+00
1.0379218199999999683313945e+02
1.2998132999999998382634203e+00
1.0379218199999999683313945e+02
1.2998132999999998382634203e+00
1.0379218209999999089632183e+02
1.2998132000000000019213076e+00
1.0379218209999999089632183e+02
1.2998132000000000019213076e+00
1.0379218209999999089632183e+02
1.2998130999999999435345899e+00
1.0379218219999999917035893e+02
1.2998129999999998851478722e+00
1.0379218219999999917035893e+02
1.2998129000000000488057594e+00
1.0379218229999999323354132e+02
1.2998127999999999904190418e+00
1.0379218229999999323354132e+02
1.2998126999999999320323241e+00
1.0379218229999999323354132e+02
1.2998125999999998736456064e+00
1.0379218229999999323354132e+02
1.2998125000000000373034936e+00
1.0379218229999999323354132e+02
1.2998123999999999789167759e+00
1.0379218229999999323354132e+02
1.2998122999999999205300583e+00
1.0379218229999999323354132e+02
1.2998121999999998621433406e+00
1.0379218229999999323354132e+02
1.2998121000000000258012278e+00
1.0379218229999999323354132e+02
1.2998121000000000258012278e+00
1.0379218229999999323354132e+02
1.2998119999999999674145101e+00
1.0379218219999999917035893e+02
1.2998119999999999674145101e+00
1.0379218209999999089632183e+02
1.2998118999999999090277925e+00
1.0379218209999999089632183e+02
1.2998118999999999090277925e+00
1.0379218199999999683313945e+02
1.2998118999999999090277925e+00
1.0379218189999998855910235e+02
1.2998117999999998506410748e+00
1.0379218179999999449591996e+02
1.2998117999999998506410748e+00
1.0379218170000000043273758e+02
1.2998117000000000142989620e+00
1.0379218170000000043273758e+02
1.2998115999999999559122443e+00
1.0379218159999999215870048e+02
1.2998115999999999559122443e+00
1.0379218149999999809551809e+02
1.2998114999999998975255266e+00
1.0379218139999998982148099e+02
1.2998114999999998975255266e+00
1.0379218129999999575829861e+02
1.2998114999999998975255266e+00
1.0379218109999999342107913e+02
1.2998114999999998975255266e+00
1.0379218099999999935789674e+02
1.2998114999999998975255266e+00
1.0379218099999999935789674e+02
1.2998114999999998975255266e+00
1.0379218089999999108385964e+02
1.2998114999999998975255266e+00
1.0379218089999999108385964e+02
1.2998113999999998391388090e+00
1.0379218079999999702067726e+02
1.2998113999999998391388090e+00
1.0379218079999999702067726e+02
1.2998113999999998391388090e+00
1.0379218069999998874664016e+02
1.2998113999999998391388090e+00
1.0379218069999998874664016e+02
1.2998113999999998391388090e+00
1.0379218069999998874664016e+02
1.2998113999999998391388090e+00
1.0379218079999999702067726e+02
1.2998114999999998975255266e+00
1.0379218079999999702067726e+02
1.2998114999999998975255266e+00
1.0379218089999999108385964e+02
1.2998115999999999559122443e+00
1.0379218089999999108385964e+02
1.2998115999999999559122443e+00
1.0379218089999999108385964e+02
1.2998115999999999559122443e+00
1.0379218089999999108385964e+02
1.2998115999999999559122443e+00
1.0379218089999999108385964e+02
1.2998115999999999559122443e+00
1.0379218089999999108385964e+02
1.2998114999999998975255266e+00
1.0379218099999999935789674e+02
1.2998114999999998975255266e+00
1.0379218099999999935789674e+02
1.2998114999999998975255266e+00
1.0379218109999999342107913e+02
1.2998113999999998391388090e+00
1.0379218109999999342107913e+02
1.2998113000000000027966962e+00
1.0379218120000000169511623e+02
1.2998113000000000027966962e+00
1.0379218120000000169511623e+02
1.2998111999999999444099785e+00
1.0379218120000000169511623e+02
1.2998110999999998860232608e+00
1.0379218129999999575829861e+02
1.2998110999999998860232608e+00
1.0379218139999998982148099e+02
1.2998110000000000496811481e+00
1.0379218159999999215870048e+02
1.2998110000000000496811481e+00
1.0379218159999999215870048e+02
1.2998108999999999912944304e+00
1.0379218170000000043273758e+02
1.2998108999999999912944304e+00
1.0379218179999999449591996e+02
1.2998107999999999329077127e+00
1.0379218179999999449591996e+02
1.2998107999999999329077127e+00
1.0379218189999998855910235e+02
1.2998107999999999329077127e+00
1.0379218199999999683313945e+02
1.2998106999999998745209950e+00
1.0379218199999999683313945e+02
1.2998106999999998745209950e+00
1.0379218209999999089632183e+02
1.2998106999999998745209950e+00
1.0379218219999999917035893e+02
1.2998106000000000381788823e+00
1.0379218229999999323354132e+02
1.2998106000000000381788823e+00
1.0379218240000000150757842e+02
1.2998106000000000381788823e+00
1.0379218259999998963394319e+02
1.2998104999999999797921646e+00
1.0379218259999998963394319e+02
1.2998103999999999214054469e+00
1.0379218269999999790798029e+02
1.2998102999999998630187292e+00
1.0379218269999999790798029e+02
1.2998102000000000266766165e+00
1.0379218279999999197116267e+02
1.2998102000000000266766165e+00
1.0379218279999999197116267e+02
1.2998100999999999682898988e+00
1.0379218290000000024519977e+02
1.2998100999999999682898988e+00
1.0379218299999999430838216e+02
1.2998102000000000266766165e+00
1.0379218309999998837156454e+02
1.2998102999999998630187292e+00
1.0379218309999998837156454e+02
1.2998102000000000266766165e+00
1.0379218309999998837156454e+02
1.2998102999999998630187292e+00
1.0379218319999999664560164e+02
1.2998102999999998630187292e+00
1.0379218329999999070878403e+02
1.2998103999999999214054469e+00
1.0379218339999999898282113e+02
1.2998103999999999214054469e+00
1.0379218349999999304600351e+02
1.2998104999999999797921646e+00
1.0379218349999999304600351e+02
1.2998106000000000381788823e+00
1.0379218360000000132004061e+02
1.2998106999999998745209950e+00
1.0379218369999999538322299e+02
1.2998107999999999329077127e+00
1.0379218379999998944640538e+02
1.2998108999999999912944304e+00
1.0379218379999998944640538e+02
1.2998108999999999912944304e+00
1.0379218389999999772044248e+02
1.2998108999999999912944304e+00
1.0379218399999999178362486e+02
1.2998110000000000496811481e+00
1.0379218410000000005766196e+02
1.2998110000000000496811481e+00
1.0379218419999999412084435e+02
1.2998110999999998860232608e+00
1.0379218419999999412084435e+02
1.2998110999999998860232608e+00
1.0379218430000000239488145e+02
1.2998111999999999444099785e+00
1.0379218439999999645806383e+02
1.2998111999999999444099785e+00
1.0379218439999999645806383e+02
1.2998113000000000027966962e+00
1.0379218449999999052124622e+02
1.2998113000000000027966962e+00
1.0379218449999999052124622e+02
1.2998113999999998391388090e+00
1.0379218469999999285846570e+02
1.2998114999999998975255266e+00
1.0379218469999999285846570e+02
1.2998115999999999559122443e+00
1.0379218480000000113250280e+02
1.2998117999999998506410748e+00
1.0379218489999999519568519e+02
1.2998118999999999090277925e+00
1.0379218499999998925886757e+02
1.2998118999999999090277925e+00
1.0379218499999998925886757e+02
1.2998119999999999674145101e+00
1.0379218499999998925886757e+02
1.2998119999999999674145101e+00
1.0379218499999998925886757e+02
1.2998118999999999090277925e+00
1.0379218499999998925886757e+02
1.2998118999999999090277925e+00
1.0379218489999999519568519e+02
1.2998118999999999090277925e+00
1.0379218489999999519568519e+02
1.2998117999999998506410748e+00
1.0379218489999999519568519e+02
1.2998117999999998506410748e+00
1.0379218489999999519568519e+02
1.2998117000000000142989620e+00
1.0379218480000000113250280e+02
1.2998117000000000142989620e+00
1.0379218480000000113250280e+02
1.2998115999999999559122443e+00
1.0379218480000000113250280e+02
1.2998114999999998975255266e+00
1.0379218480000000113250280e+02
1.2998113999999998391388090e+00
1.0379218480000000113250280e+02
1.2998113000000000027966962e+00
1.0379218469999999285846570e+02
1.2998111999999999444099785e+00
1.0379218469999999285846570e+02
1.2998110999999998860232608e+00
1.0379218459999999879528332e+02
1.2998108999999999912944304e+00
1.0379218459999999879528332e+02
1.2998107999999999329077127e+00
1.0379218459999999879528332e+02
1.2998106000000000381788823e+00
1.0379218449999999052124622e+02
1.2998104999999999797921646e+00
1.0379218449999999052124622e+02
1.2998103999999999214054469e+00
1.0379218439999999645806383e+02
1.2998102999999998630187292e+00
1.0379218430000000239488145e+02
1.2998100999999999682898988e+00
1.0379218419999999412084435e+02
1.2998099999999999099031811e+00
1.0379218410000000005766196e+02
1.2998098000000000151743507e+00
1.0379218389999999772044248e+02
1.2998096999999999567876330e+00
1.0379218379999998944640538e+02
1.2998096999999999567876330e+00
1.0379218379999998944640538e+02
1.2998095999999998984009153e+00
1.0379218369999999538322299e+02
1.2998094000000000036720849e+00
1.0379218360000000132004061e+02
1.2998092999999999452853672e+00
1.0379218349999999304600351e+02
1.2998091999999998868986495e+00
1.0379218339999999898282113e+02
1.2998091000000000505565367e+00
1.0379218329999999070878403e+02
1.2998088999999999337831014e+00
1.0379218319999999664560164e+02
1.2998087000000000390542709e+00
1.0379218299999999430838216e+02
1.2998085999999999806675532e+00
1.0379218299999999430838216e+02
1.2998084999999999222808356e+00
1.0379218279999999197116267e+02
1.2998083000000000275520051e+00
1.0379218269999999790798029e+02
1.2998081999999999691652874e+00
1.0379218249999999557076080e+02
1.2998080999999999107785698e+00
1.0379218229999999323354132e+02
1.2998079999999998523918521e+00
1.0379218219999999917035893e+02
1.2998079000000000160497393e+00
1.0379218199999999683313945e+02
1.2998077999999999576630216e+00
1.0379218179999999449591996e+02
1.2998076999999998992763039e+00
1.0379218170000000043273758e+02
1.2998075999999998408895863e+00
1.0379218149999999809551809e+02
1.2998075000000000045474735e+00
1.0379218139999998982148099e+02
1.2998072999999998877740381e+00
1.0379218120000000169511623e+02
1.2998072999999998877740381e+00
1.0379218109999999342107913e+02
1.2998072000000000514319254e+00
1.0379218099999999935789674e+02
1.2998070999999999930452077e+00
1.0379218079999999702067726e+02
1.2998069999999999346584900e+00
1.0379218069999998874664016e+02
1.2998069999999999346584900e+00
1.0379218059999999468345777e+02
1.2998068999999998762717723e+00
1.0379218039999999234623829e+02
1.2998068999999998762717723e+00
1.0379218029999999828305590e+02
1.2998068999999998762717723e+00
1.0379218009999999594583642e+02
1.2998068000000000399296596e+00
1.0379218000000000188265403e+02
1.2998068000000000399296596e+00
1.0379217989999999360861693e+02
1.2998068000000000399296596e+00
1.0379217979999999954543455e+02
1.2998068000000000399296596e+00
1.0379217959999999720821506e+02
1.2998068000000000399296596e+00
1.0379217949999998893417796e+02
1.2998068000000000399296596e+00
1.0379217939999999487099558e+02
1.2998068000000000399296596e+00
1.0379217930000000080781319e+02
1.2998068000000000399296596e+00
1.0379217919999999253377609e+02
1.2998068000000000399296596e+00
1.0379217909999999847059371e+02
1.2998068999999998762717723e+00
1.0379217899999999019655661e+02
1.2998068000000000399296596e+00
1.0379217889999999613337422e+02
1.2998068000000000399296596e+00
1.0379217889999999613337422e+02
1.2998068000000000399296596e+00
1.0379217880000000207019184e+02
1.2998068000000000399296596e+00
1.0379217869999999379615474e+02
1.2998068000000000399296596e+00
1.0379217869999999379615474e+02
1.2998068000000000399296596e+00
1.0379217859999999973297236e+02
1.2998068000000000399296596e+00
1.0379217849999999145893526e+02
1.2998068000000000399296596e+00
1.0379217849999999145893526e+02
1.2998068000000000399296596e+00
1.0379217839999999739575287e+02
1.2998068999999998762717723e+00
1.0379217839999999739575287e+02
1.2998069999999999346584900e+00
1.0379217839999999739575287e+02
1.2998069999999999346584900e+00
1.0379217829999998912171577e+02
1.2998070999999999930452077e+00
1.0379217829999998912171577e+02
1.2998070999999999930452077e+00
1.0379217829999998912171577e+02
1.2998072000000000514319254e+00
1.0379217829999998912171577e+02
1.2998070999999999930452077e+00
1.0379217829999998912171577e+02
1.2998070999999999930452077e+00
1.0379217829999998912171577e+02
1.2998070999999999930452077e+00
1.0379217829999998912171577e+02
1.2998070999999999930452077e+00
1.0379217829999998912171577e+02
1.2998070999999999930452077e+00
1.0379217829999998912171577e+02
1.2998072000000000514319254e+00
1.0379217829999998912171577e+02
1.2998072000000000514319254e+00
1.0379217829999998912171577e+02
1.2998072000000000514319254e+00
1.0379217829999998912171577e+02
1.2998072000000000514319254e+00
1.0379217829999998912171577e+02
1.2998072000000000514319254e+00
1.0379217829999998912171577e+02
1.2998072000000000514319254e+00
1.0379217829999998912171577e+02
1.2998072000000000514319254e+00
1.0379217829999998912171577e+02
1.2998072999999998877740381e+00
1.0379217829999998912171577e+02
1.2998072999999998877740381e+00
1.0379217829999998912171577e+02
1.2998072999999998877740381e+00
1.0379217819999999505853339e+02
1.2998072999999998877740381e+00
1.0379217819999999505853339e+02
1.2998072999999998877740381e+00
1.0379217819999999505853339e+02
1.2998072999999998877740381e+00
1.0379217819999999505853339e+02
1.2998072999999998877740381e+00
1.0379217829999998912171577e+02
1.2998072000000000514319254e+00
1.0379217829999998912171577e+02
1.2998072000000000514319254e+00
1.0379217829999998912171577e+02
1.2998072000000000514319254e+00
1.0379217829999998912171577e+02
1.2998070999999999930452077e+00
1.0379217839999999739575287e+02
1.2998069999999999346584900e+00
1.0379217839999999739575287e+02
1.2998068000000000399296596e+00
1.0379217839999999739575287e+02
1.2998068000000000399296596e+00
1.0379217839999999739575287e+02
1.2998066999999999815429419e+00
1.0379217829999998912171577e+02
1.2998066999999999815429419e+00
1.0379217829999998912171577e+02
1.2998065999999999231562242e+00
1.0379217819999999505853339e+02
1.2998065999999999231562242e+00
1.0379217819999999505853339e+02
1.2998065999999999231562242e+00
1.0379217819999999505853339e+02
1.2998064999999998647695065e+00
1.0379217810000000099535100e+02
1.2998064999999998647695065e+00
1.0379217810000000099535100e+02
1.2998064000000000284273938e+00
1.0379217810000000099535100e+02
1.2998064000000000284273938e+00
1.0379217810000000099535100e+02
1.2998062999999999700406761e+00
1.0379217810000000099535100e+02
1.2998062999999999700406761e+00
1.0379217810000000099535100e+02
1.2998061999999999116539584e+00
1.0379217810000000099535100e+02
1.2998061999999999116539584e+00
1.0379217810000000099535100e+02
1.2998060999999998532672407e+00
1.0379217810000000099535100e+02
1.2998060999999998532672407e+00
1.0379217810000000099535100e+02
1.2998060000000000169251280e+00
1.0379217810000000099535100e+02
1.2998060000000000169251280e+00
1.0379217799999999272131390e+02
1.2998058999999999585384103e+00
1.0379217799999999272131390e+02
1.2998058999999999585384103e+00
1.0379217799999999272131390e+02
1.2998057999999999001516926e+00
1.0379217799999999272131390e+02
1.2998057999999999001516926e+00
1.0379217799999999272131390e+02
1.2998056999999998417649749e+00
1.0379217799999999272131390e+02
1.2998056999999998417649749e+00
1.0379217799999999272131390e+02
1.2998056000000000054228622e+00
1.0379217799999999272131390e+02
1.2998056000000000054228622e+00
1.0379217789999999865813152e+02
1.2998056000000000054228622e+00
1.0379217789999999865813152e+02
1.2998054999999999470361445e+00
1.0379217789999999865813152e+02
1.2998054999999999470361445e+00
1.0379217779999999038409442e+02
1.2998054999999999470361445e+00
1.0379217779999999038409442e+02
1.2998054999999999470361445e+00
1.0379217779999999038409442e+02
1.2998054999999999470361445e+00
1.0379217779999999038409442e+02
1.2998054999999999470361445e+00
1.0379217779999999038409442e+02
1.2998054999999999470361445e+00
1.0379217769999999632091203e+02
1.2998054999999999470361445e+00
1.0379217769999999632091203e+02
1.2998054999999999470361445e+00
1.0379217760000000225772965e+02
1.2998054999999999470361445e+00
1.0379217760000000225772965e+02
1.2998054999999999470361445e+00
1.0379217749999999398369255e+02
1.2998056000000000054228622e+00
1.0379217739999999992051016e+02
1.2998054999999999470361445e+00
1.0379217739999999992051016e+02
1.2998056000000000054228622e+00
1.0379217729999999164647306e+02
1.2998056000000000054228622e+00
1.0379217729999999164647306e+02
1.2998056000000000054228622e+00
1.0379217719999999758329068e+02
1.2998056000000000054228622e+00
1.0379217709999998930925358e+02
1.2998056999999998417649749e+00
1.0379217699999999524607119e+02
1.2998056999999998417649749e+00
1.0379217699999999524607119e+02
1.2998056999999998417649749e+00
1.0379217690000000118288881e+02
1.2998056999999998417649749e+00
1.0379217679999999290885171e+02
1.2998056999999998417649749e+00
1.0379217679999999290885171e+02
1.2998056999999998417649749e+00
1.0379217669999999884566932e+02
1.2998056000000000054228622e+00
1.0379217669999999884566932e+02
1.2998056000000000054228622e+00
1.0379217659999999057163222e+02
1.2998056000000000054228622e+00
1.0379217659999999057163222e+02
1.2998054999999999470361445e+00
1.0379217659999999057163222e+02
1.2998054999999999470361445e+00
1.0379217649999999650844984e+02
1.2998054999999999470361445e+00
1.0379217649999999650844984e+02
1.2998054999999999470361445e+00
1.0379217649999999650844984e+02
1.2998053999999998886494268e+00
1.0379217639999998823441274e+02
1.2998053999999998886494268e+00
1.0379217639999998823441274e+02
1.2998053999999998886494268e+00
1.0379217629999999417123036e+02
1.2998053999999998886494268e+00
1.0379217629999999417123036e+02
1.2998052999999998302627091e+00
1.0379217639999998823441274e+02
1.2998052999999998302627091e+00
1.0379217629999999417123036e+02
1.2998051999999999939205964e+00
1.0379217629999999417123036e+02
1.2998050999999999355338787e+00
1.0379217629999999417123036e+02
1.2998049999999998771471610e+00
1.0379217629999999417123036e+02
1.2998049000000000408050482e+00
1.0379217629999999417123036e+02
1.2998049000000000408050482e+00
1.0379217629999999417123036e+02
1.2998047999999999824183305e+00
1.0379217629999999417123036e+02
1.2998046999999999240316129e+00
1.0379217620000000010804797e+02
1.2998046999999999240316129e+00
1.0379217620000000010804797e+02
1.2998045999999998656448952e+00
1.0379217620000000010804797e+02
1.2998045999999998656448952e+00
1.0379217620000000010804797e+02
1.2998045999999998656448952e+00
1.0379217620000000010804797e+02
1.2998045000000000293027824e+00
1.0379217620000000010804797e+02
1.2998045000000000293027824e+00
1.0379217620000000010804797e+02
1.2998045000000000293027824e+00
1.0379217609999999183401087e+02
1.2998045000000000293027824e+00
1.0379217609999999183401087e+02
1.2998043999999999709160647e+00
1.0379217609999999183401087e+02
1.2998043999999999709160647e+00
1.0379217599999999777082849e+02
1.2998042999999999125293471e+00
1.0379217599999999777082849e+02
1.2998041999999998541426294e+00
1.0379217599999999777082849e+02
1.2998041999999998541426294e+00
1.0379217599999999777082849e+02
1.2998041999999998541426294e+00
1.0379217599999999777082849e+02
1.2998041999999998541426294e+00
1.0379217599999999777082849e+02
1.2998042999999999125293471e+00
1.0379217599999999777082849e+02
1.2998042999999999125293471e+00
1.0379217599999999777082849e+02
1.2998042999999999125293471e+00
1.0379217599999999777082849e+02
1.2998043999999999709160647e+00
1.0379217589999998949679139e+02
1.2998043999999999709160647e+00
1.0379217589999998949679139e+02
1.2998043999999999709160647e+00
1.0379217579999999543360900e+02
1.2998043999999999709160647e+00
1.0379217559999999309638952e+02
1.2998042999999999125293471e+00
1.0379217539999999075917003e+02
1.2998039999999999594137989e+00
1.0379217489999999202154868e+02
1.2998037000000000062982508e+00
1.0379217439999999328392732e+02
1.2998031999999999364092673e+00
1.0379217359999999814590410e+02
1.2998022999999998550180180e+00
1.0379217239999999833344191e+02
1.2998007999999998673956725e+00
1.0379217079999999384654075e+02
1.2997984999999998567687953e+00
1.0379216900000000123327482e+02
1.2997956999999999982975396e+00
1.0379216679999998973471520e+02
1.2997924999999999062794132e+00
1.0379216399999999964620656e+02
1.2997889000000000248036258e+00
1.0379216089999999894644134e+02
1.2997849999999999681676854e+00
1.0379215709999999717183528e+02
1.2997805000000000053006488e+00
1.0379215329999999539722921e+02
1.2997756000000000309313464e+00
1.0379214919999999722222128e+02
1.2997704999999999397886086e+00
1.0379214469999999437277438e+02
1.2997650999999998955303226e+00
1.0379213969999999278570613e+02
1.2997592000000000034276582e+00
1.0379213459999999713545549e+02
1.2997528999999998777781229e+00
1.0379212929999999914798536e+02
1.2997461999999999626709268e+00
1.0379212349999998821203917e+02
1.2997393999999999891770130e+00
1.0379211749999998914972821e+02
1.2997320999999999457941158e+00
1.0379211119999999368701538e+02
1.2997242999999998325222350e+00
1.0379210449999999354986358e+02
1.2997159999999998714059757e+00
1.0379209749999999701230990e+02
1.2997073999999999571741682e+00
1.0379209009999999580031727e+02
1.2996984000000000314400950e+00
1.0379208249999999225110514e+02
1.2996893999999998836614168e+00
1.0379207479999999463871063e+02
1.2996796999999999933095296e+00
1.0379206689999999468909664e+02
1.2996699000000000445709247e+00
1.0379205840000000193867891e+02
1.2996597999999999206721668e+00
1.0379204989999999497740646e+02
1.2996494999999999020445784e+00
1.0379204109999999161573214e+02
1.2996387999999998719147243e+00
1.0379203199999999185365596e+02
1.2996276999999998302826043e+00
1.0379202259999999569117790e+02
1.2996166000000000106950893e+00
1.0379201299999999719148036e+02
1.2996049999999998991739858e+00
1.0379200329999999041774572e+02
1.2995930999999998345373342e+00
1.0379199349999998958082870e+02
1.2995809999999998751718522e+00
1.0379198350000000061754690e+02
1.2995684999999999043041043e+00
1.0379197409999999024421413e+02
1.2995559999999999334363565e+00
1.0379196359999998833245627e+02
1.2995432000000000094530606e+00
1.0379195339999999703195499e+02
1.2995300999999999103096116e+00
1.0379194309999999745741661e+02
1.2995167999999999164373321e+00
1.0379193309999999428328010e+02
1.2995033999999998641783350e+00
1.0379192259999999237152224e+02
1.2994900000000000339639428e+00
1.0379191169999999999618012e+02
1.2994763999999998649315103e+00
1.0379190079999999340998329e+02
1.2994628999999999763304004e+00
1.0379188999999999509782356e+02
1.2994494999999999240714033e+00
1.0379187890000000038526196e+02
1.2994356999999998603101403e+00
1.0379186799999999379906512e+02
1.2994212999999998903177811e+00
1.0379185689999999908650352e+02
1.2994068999999999203254220e+00
1.0379184560000000203672244e+02
1.2993926000000000087197805e+00
1.0379183439999999905012373e+02
1.2993782999999998750695340e+00
1.0379182259999998905186658e+02
1.2993638999999999050771748e+00
1.0379181109999998966486601e+02
1.2993494999999999350848157e+00
1.0379179959999999027786544e+02
1.2993349999999999067057388e+00
1.0379178809999999089086486e+02
1.2993204999999998783266619e+00
1.0379177629999999510346242e+02
1.2993059999999998499475851e+00
1.0379176459999999337924237e+02
1.2992913999999999852263954e+00
1.0379175299999999992905941e+02
1.2992763999999998869583351e+00
1.0379174119999998993080226e+02
1.2992616999999999638504278e+00
1.0379172919999999180618033e+02
1.2992470999999998770846332e+00
1.0379171769999999241917976e+02
1.2992323999999999539767259e+00
1.0379170589999999663177732e+02
1.2992177999999998672109314e+00
1.0379169389999999850715540e+02
1.2992032000000000024897417e+00
1.0379168219999999678293534e+02
1.2991885999999999157239472e+00
1.0379167059999998912189767e+02
1.2991740999999998873448703e+00
1.0379165869999999927131284e+02
1.2991597999999999757392288e+00
1.0379164679999999520987330e+02
1.2991452999999999473601520e+00
1.0379163489999999114843376e+02
1.2991307999999999189810751e+00
1.0379162319999998942421371e+02
1.2991163999999999489887159e+00
1.0379161169999999003721314e+02
1.2991021999999998737251872e+00
1.0379159999999998831299308e+02
1.2990880999999998568483761e+00
1.0379158869999999126321200e+02
1.2990743000000000151317181e+00
1.0379157719999999187621142e+02
1.2990604999999999513704552e+00
1.0379156580000000076324795e+02
1.2990467999999999459959099e+00
1.0379155499999998824023351e+02
1.2990332999999998353501951e+00
1.0379154389999999352767190e+02
1.2990197999999999467490852e+00
1.0379153289999999287829269e+02
1.2990061999999999997612576e+00
1.0379152200000000050295057e+02
1.2989925999999998307288251e+00
1.0379151069999998924231477e+02
1.2989785999999998722387318e+00
1.0379150009999999326737452e+02
1.2989649999999999252509042e+00
1.0379148899999999855481292e+02
1.2989515999999998729919071e+00
1.0379147779999999556821422e+02
1.2989382000000000427775149e+00
1.0379146649999999851843313e+02
1.2989241999999998622428166e+00
1.0379145539999998959501681e+02
1.2989109999999999267572548e+00
1.0379144449999999721967470e+02
