1.2976384999999999170228193,103.7905189999999890915205469
1.2976243999999999001460083,103.7905133999999947036485537
1.2976102000000000469270844,103.7905074999999897045199759
1.2975961000000000300502734,103.7905019999999893798303674
1.2975817999999998964000270,103.7904965999999973291778588
1.2975676000000000431811031,103.7904908000000006040863809
1.2975531999999998511441390,103.7904850999999979421772878
1.2975387000000000448096671,103.7904795999999976174876792
1.2975246000000000279328560,103.7904742999999996300175553
1.2975106999999999057848754,103.7904690999999957057298161
1.2974969999999999004103302,103.7904640999999941186615615
1.2974839999999998596535988,103.7904592000000008056304068
1.2974710999999998772835852,103.7904545999999896821464063
1.2974585999999999064158374,103.7904497999999904322976363
1.2974460999999999355480895,103.7904449999999911824488663
1.2974335999999999646803417,103.7904398000000014690158423
1.2974215999999998416569724,103.7904343000000011443262338
1.2974096999999999990649258,103.7904283000000020820152713
1.2973983999999998406593704,103.7904219999999924084477243
1.2973874999999999158006858,103.7904151999999982081135386
1.2973770999999998387863798,103.7904077999999969961208990
1.2973670999999999953189445,103.7903997999999887724698056
1.2973577999999998944247181,103.7903913999999900852344581
1.2973489000000000270773626,103.7903822999999903231582721
1.2973407999999999606899337,103.7903728000000000974978320
1.2973333999999998589203187,103.7903628999999909865437075
1.2973266999999999438131226,103.7903525999999914120053290
1.2973205999999999349370228,103.7903419000000013738826965
1.2973151999999998906787368,103.7903305999999901132468949
1.2973105000000000330828698,103.7903190999999907262463239
1.2973063999999998596734940,103.7903072999999949388438836
1.2973031999999999896999725,103.7902953999999908774043433
1.2973006000000000259575472,103.7902832999999986896000337
1.2972988999999999215617663,103.7902706999999935533196549
1.2972980999999998985572347,103.7902579000000002906745067
1.2972979999999998401705170,103.7902450999999928171746433
1.2972981999999999569439524,103.7902319999999889432729105
1.2972987999999998631750486,103.7902192999999897438101470
1.2973000999999999560685637,103.7902062000000000807631295
1.2973033000000000480866902,103.7901928999999938696419122
1.2973060999999999065579459,103.7901796999999959325577947
1.2973093999999998349181851,103.7901664999999979954736773
1.2973137999999999614431090,103.7901529999999894471329753
1.2973185000000000410835810,103.7901397999999915100488579
1.2973230999999998402927304,103.7901264999999995097823557
1.2973285999999999429377340,103.7901133000000015726982383
1.2973375000000000323296945,103.7901004000000000360159902
1.2973430999999999713168108,103.7900867999999974244929035
1.2973485999999998519172095,103.7900733999999971501893015
1.2973543999999999076777613,103.7900598999999886018485995
1.2973597999999999519360472,103.7900461999999919271431281
1.2973652999999998325364459,103.7900322999999929152181721
1.2973713999999998414125457,103.7900185000000021773303160
1.2973772999999999555598151,103.7900044000000008281858754
1.2973828999999998945469315,103.7899902999999994790414348
1.2973889999999999034230314,103.7899760999999898558598943
1.2973950999999999122991312,103.7899618999999944435330690
1.2974011999999999211752311,103.7899476999999990312062437
1.2974073999999999884380486,103.7899333999999953448423184
1.2974135999999998336562612,103.7899189999999975952960085
1.2974200000000000176925141,103.7899045999999998457496986
1.2974265999999998744129925,103.7898902999999961593857734
1.2974326999999998832890924,103.7898757999999901358023635
1.2974388999999999505519099,103.7898612999999983230736689
1.2974448999999999010412921,103.7898467999999922994902590
1.2974506999999999568018438,103.7898323999999945499439491
1.2974569000000000240646614,103.7898178999999885263605393
1.2974626999999998577806082,103.7898033999999967136318446
1.2974689999999999834301434,103.7897887999999966268660501
1.2974745999999999224172598,103.7897744999999929405021248
1.2974809000000000480667950,103.7897600000000011277734302
1.2974868999999999985561772,103.7897456999999974414095050
1.2974930000000000074322770,103.7897312999999996918631950
1.2974991999999998526504896,103.7897169999999960054992698
1.2975057999999999314155730,103.7897028000000005931724445
1.2975124999999998465227691,103.7896884999999969068085193
1.2975183999999999606700385,103.7896739999999908832251094
1.2975246999999998642749688,103.7896598999999895340806688
1.2975301999999999669199724,103.7896452999999894473148743
1.2975373999999999519161520,103.7896313999999904353899183
1.2975432000000000076767037,103.7896171000000009598807083
1.2975503999999999926728833,103.7896029999999996107362676
1.2975570999999999077800794,103.7895889999999923247742117
1.2975626999999998467671958,103.7895743999999922380084172
1.2975693999999999839189968,103.7895602999999908888639766
1.2975748999999998645193955,103.7895456999999908020981820
1.2975817999999998964000270,103.7895317999999917901732260
1.2975881000000000220495622,103.7895180000000010522853700
1.2975947999999999371567583,103.7895046999999948411641526
1.2976018000000000274241074,103.7894905999999934920197120
1.2976079000000000363002073,103.7894761999999957424734021
1.2976141999999999399051376,103.7894620000000003301465767
1.2976191999999999726611577,103.7894474999999943065631669
1.2976248999999999700349917,103.7894331999999906201992417
1.2976308999999999205243739,103.7894192999999916082742857
1.2976370999999999877871915,103.7894050000000021327650757
1.2976430999999999382765736,103.7893906999999984464011504
1.2976491999999999471526735,103.7893765999999970972567098
1.2976550999999998392553380,103.7893625999999898112946539
1.2976600999999998720113581,103.7893486999999907993696979
1.2976657999999998693851921,103.7893349000000000614818418
1.2976714000000000304169134,103.7893207999999987123374012
1.2976769999999999694040298,103.7893068999999997004124452
1.2976825999999999083911462,103.7892928999999924144503893
1.2976879999999999526494321,103.7892785999999887280864641
1.2976936999999999500232661,103.7892645999999956529791234
1.2976999000000000172860837,103.7892508999999989782736520
1.2977060000000000261621835,103.7892369999999999663486960
1.2977113999999998483758645,103.7892227999999903431671555
1.2977168999999999510208681,103.7892090999999936684616841
1.2977222999999999952791541,103.7891951000000005933543434
1.2977279999999999926529881,103.7891812999999956446117721
1.2977334999999998732533868,103.7891671000000002322849468
1.2977393999999999874006562,103.7891530999999929463228909
1.2977452999999998795033207,103.7891390999999998712155502
1.2977509000000000405350420,103.7891248999999902480340097
1.2977570000000000494111418,103.7891106999999948357071844
1.2977629999999999999005240,103.7890964999999994233803591
1.2977688999999998920031885,103.7890824999999921374183032
1.2977748999999998424925707,103.7890682999999967250914779
1.2977811999999999681421059,103.7890542999999894391294220
1.2977868999999999655159399,103.7890402000000023008396965
1.2977931999999998691208702,103.7890263999999973520971253
1.2977988000000000301525915,103.7890123999999900661350694
1.2978045000000000275264256,103.7889986999999933914295980
1.2978113000000000010203394,103.7889856999999977915649652
1.2978169999999999983941734,103.7889722999999975172613631
1.2978225999999999373812898,103.7889593999999959805791150
1.2978285000000000515285592,103.7889471000000014555553207
1.2978342000000000489023932,103.7889342999999939820554573
1.2978399000000000462762273,103.7889218999999911829945631
1.2978456999999998799921741,103.7889094999999883839336690
1.2978516999999998304815563,103.7888969999999915216903901
1.2978574000000000498999952,103.7888846999999969966665958
1.2978634000000000003893774,103.7888723999999882607880863
1.2978680999999998579852445,103.7888598999999913985448075
1.2978741000000000305192316,103.7888478999999932739228825
1.2978799999999999226218961,103.7888353000000023484972189
1.2978859000000000367691655,103.7888231000000018866558094
1.2978924999999998934896439,103.7888114000000001624357537
1.2978989999999999138680096,103.7887990999999914265572443
1.2979049999999998643573917,103.7887868999999909647158347
1.2979114000000000483936446,103.7887748999999928400939098
1.2979175999999998936118573,103.7887630999999970526914694
1.2979239000000000192613925,103.7887513999999953284714138
1.2979300999999998644796051,103.7887394999999912670318736
1.2979365999999998848579708,103.7887282999999882804331719
1.2979431999999999636230541,103.7887173000000018419086700
1.2979492999999999724991540,103.7887061999999929184923531
1.2979551999999998646018184,103.7886958999999933439539745
1.2979612000000000371358055,103.7886857000000020434526959
1.2979669999999998708517523,103.7886753999999882580596022
1.2979723999999999151100383,103.7886649000000005571564543
1.2979779999999998540971546,103.7886546999999950458004605
1.2979826999999999337376266,103.7886436999999943964212434
1.2979883999999999311114607,103.7886335999999971591023495
1.2979937999999999753697466,103.7886231999999893105268711
1.2979993999999999143568630,103.7886128999999897359884926
1.2980040999999999939973350,103.7886019999999973606463755
1.2980096999999999329844513,103.7885919000000001233274816
1.2980148999999998604693019,103.7885816999999946119714878
1.2980196999999999984964916,103.7885713000000009742507245
1.2980248999999999259813421,103.7885617999999965377355693
1.2980294999999999472350964,103.7885520999999897640009294
1.2980336999999999569865849,103.7885425999999995383404894
1.2980381999999999198536216,103.7885333999999915022272035
1.2980423999999999296051101,103.7885241999999976769686327
1.2980464999999998809698809,103.7885153000000002521119313
1.2980506999999998907213694,103.7885065999999909536199993
1.2980543999999998305838744,103.7884978000000018028003979
1.2980583999999999456065325,103.7884889999999984411260812
1.2980627000000000137447387,103.7884803999999974166712491
1.2980669000000000234962272,103.7884717000000023290340323
1.2980708999999999164742803,103.7884629999999930305421003
1.2980745999999998563367853,103.7884547999999966805262375
1.2980785999999999713594434,103.7884463999999979932908900
1.2980829000000000394976496,103.7884382999999957064574119
1.2980875999999998970935167,103.7884306999999921572452877
1.2980914999999999537294570,103.7884225999999898704118095
1.2980952999999999519786797,103.7884148999999922580173006
1.2980987999999999971123543,103.7884071000000005824404070
1.2981023000000000422460289,103.7883996999999993704477674
1.2981057000000000289929858,103.7883920999999958212356432
1.2981088999999998989665073,103.7883846999999946092430037
1.2981120999999999909846338,103.7883774999999957344698487
1.2981141999999998848380756,103.7883705999999932600985630
1.2981176999999999299717501,103.7883637999999990597643773
1.2981211999999999751054247,103.7883570999999989226125763
1.2981240999999998919633981,103.7883501999999964482412906
1.2981260999999999494747271,103.7883434999999963110894896
1.2981296999999998309505145,103.7883375999999913119609118
1.2981323000000000167375447,103.7883315999999922496499494
1.2981346999999998637065346,103.7883254999999991241566022
1.2981362999999999097155978,103.7883197999999964622475090
1.2981380000000000141113787,103.7883147999999948751792544
1.2981392999999998849602889,103.7883105999999884261342231
1.2981411000000000477427875,103.7883058999999974503225530
1.2981423999999999185916977,103.7883021999999897388988757
1.2981435999999999530984951,103.7882989000000009127688827
1.2981450999999999407208406,103.7882962999999989506250131
1.2981456000000000106098241,103.7882936999999969884811435
1.2981462999999999752276381,103.7882923999999889019818511
1.2981466999999999867299039,103.7882912999999973635567585
1.2981466999999999867299039,103.7882908999999926891177893
1.2981464000000000336143557,103.7882910000000009631548892
1.2981461999999999168409204,103.7882908999999926891177893
1.2981461999999999168409204,103.7882907999999986259354046
1.2981460999999998584542027,103.7882907999999986259354046
1.2981460000000000221120899,103.7882907999999986259354046
1.2981458999999999637253723,103.7882906999999903518983047
1.2981457999999999053386546,103.7882906999999903518983047
1.2981456999999998469519369,103.7882905999999962887159199
1.2981456999999998469519369,103.7882905999999962887159199
1.2981456999999998469519369,103.7882906999999903518983047
1.2981456999999998469519369,103.7882907999999986259354046
1.2981457999999999053386546,103.7882908999999926891177893
1.2981457999999999053386546,103.7882910999999950263372739
1.2981458999999999637253723,103.7882911999999890895196586
1.2981456999999998469519369,103.7882914999999997007762431
1.2981456000000000106098241,103.7882917000000020379957277
1.2981454999999999522231064,103.7882919999999984383975971
1.2981453999999998938363888,103.7882922999999948387994664
1.2981452999999998354496711,103.7882925999999912392013357
1.2981451999999999991075583,103.7882929000000018504579202
1.2981451999999999991075583,103.7882931999999982508597896
1.2981450999999999407208406,103.7882935999999887144440436
1.2981446999999999292185748,103.7882939999999933888830128
1.2981443999999999761030267,103.7882943999999980633219820
1.2981441000000000229874786,103.7882947999999885269062361
1.2981438999999999062140432,103.7882951999999932013452053
1.2981437999999998478273255,103.7882955999999978757841745
1.2981437000000000114852128,103.7882958999999942761860439
1.2981434999999998947117774,103.7882962999999989506250131
1.2981431999999999415962293,103.7882966999999894142092671
1.2981430000000000468673989,103.7882970999999940886482364
1.2981427999999999300939635,103.7882974999999987630872056
1.2981426999999998717072458,103.7882978999999892266714596
1.2981424999999999769784154,103.7882982999999939011104289
1.2981422999999998602049800,103.7882987999999926387317828
1.2981422000000000238628672,103.7882992999999913763531367
1.2981419999999999070894319,103.7882996999999960507921060
1.2981418000000000123606014,103.7883001000000007252310752
1.2981415999999998955871661,103.7883005999999994628524291
1.2981412999999999424716179,103.7883009999999899264366832
1.2981409999999999893560698,103.7883014999999886640580371
1.2981407000000000362405217,103.7883018999999933384970063
1.2981403000000000247382559,103.7883023999999920761183603
1.2981399999999998495781028,103.7883027999999967505573295
1.2981397999999999548492724,103.7883030999999931509591988
1.2981395999999998380758370,103.7883033999999895513610682
1.2981393999999999433470066,103.7883037000000001626176527
1.2981392000000000486181762,103.7883039999999965630195220
1.2981389999999999318447408,103.7883041999999989002390066
1.2981388000000000371159103,103.7883044999999953006408759
1.2981386999999999787291927,103.7883045999999893638232606
1.2981385999999999203424750,103.7883046999999976378603606
1.2981385999999999203424750,103.7883049999999940382622299
1.2981384999999998619557573,103.7883052999999904386640992
1.2981384999999998619557573,103.7883057999999891762854531
1.2981384999999998619557573,103.7883060999999997875420377
1.2981384999999998619557573,103.7883063999999961879439070
1.2981385999999999203424750,103.7883066999999925883457763
1.2981385999999999203424750,103.7883070999999972627847455
1.2981385999999999203424750,103.7883075000000019372237148
1.2981384999999998619557573,103.7883078999999924008079688
1.2981384999999998619557573,103.7883083999999911384293227
1.2981384999999998619557573,103.7883084999999994124664227
1.2981384000000000256136445,103.7883087000000017496859073
1.2981382999999999672269269,103.7883087999999958128682920
1.2981380999999998504534915,103.7883088999999898760506767
1.2981378999999999557246610,103.7883089999999981500877766
1.2981377999999998973379434,103.7883090999999922132701613
1.2981376000000000026091129,103.7883092999999945504896459
1.2981374999999999442223952,103.7883093999999886136720306
1.2981373999999998858356776,103.7883095999999909508915152
1.2981373999999998858356776,103.7883097999999932881109999
1.2981373999999998858356776,103.7883099000000015621480998
1.2981373999999998858356776,103.7883099999999956253304845
1.2981373999999998858356776,103.7883101999999979625499691
1.2981373999999998858356776,103.7883104000000002997694537
1.2981374999999999442223952,103.7883105999999884261342231
1.2981376000000000026091129,103.7883106999999967001713230
1.2981376999999998389512257,103.7883106999999967001713230
1.2981378999999999557246610,103.7883107999999907633537077
1.2981380000000000141113787,103.7883108999999990373908076
1.2981381999999999088402092,103.7883109999999931005731924
1.2981384000000000256136445,103.7883111000000013746102923
1.2981384999999998619557573,103.7883111999999954377926770
1.2981386999999999787291927,103.7883113999999977750121616
1.2981388000000000371159103,103.7883113999999977750121616
1.2981389999999999318447408,103.7883116000000001122316462
1.2981390999999999902314585,103.7883116999999941754140309
1.2981393999999999433470066,103.7883118999999965126335155
1.2981395999999998380758370,103.7883119999999905758159002
1.2981397999999999548492724,103.7883120999999988498530001
1.2981399000000000132359901,103.7883121999999929130353848
1.2981400999999999079648205,103.7883123999999952502548695
1.2981403000000000247382559,103.7883124999999893134372542
1.2981404999999999194670863,103.7883126999999916506567388
1.2981407999999998725826345,103.7883128999999939878762234
1.2981409999999999893560698,103.7883127999999999246938387
1.2981412999999999424716179,103.7883128999999939878762234
1.2981415999999998955871661,103.7883128999999939878762234
1.2981418000000000123606014,103.7883130000000022619133233
1.2981419999999999070894319,103.7883130000000022619133233
1.2981420999999999654761496,103.7883130999999963250957080
1.2981422999999998602049800,103.7883131999999903882780927
1.2981426000000000353651330,103.7883131999999903882780927
1.2981427999999999300939635,103.7883133999999927254975773
1.2981428999999999884806812,103.7883132999999986623151926
1.2981430000000000468673989,103.7883131999999903882780927
1.2981430999999998832095116,103.7883130999999963250957080
1.2981431999999999415962293,103.7883130999999963250957080
1.2981432999999999999829470,103.7883130999999963250957080
1.2981433999999998363250597,103.7883130000000022619133233
1.2981435999999999530984951,103.7883130000000022619133233
1.2981437999999998478273255,103.7883130999999963250957080
1.2981439999999999646007609,103.7883130000000022619133233
1.2981441999999998593295913,103.7883130000000022619133233
1.2981442999999999177163090,103.7883130000000022619133233
1.2981442999999999177163090,103.7883128999999939878762234
1.2981442999999999177163090,103.7883127999999999246938387
1.2981442999999999177163090,103.7883127999999999246938387
1.2981445000000000344897444,103.7883128999999939878762234
1.2981445000000000344897444,103.7883126999999916506567388
1.2981445999999998708318572,103.7883124999999893134372542
1.2981446999999999292185748,103.7883121999999929130353848
1.2981447999999999876052925,103.7883119999999905758159002
1.2981449999999998823341230,103.7883117999999882385964156
1.2981452999999998354496711,103.7883116999999941754140309
1.2981456000000000106098241,103.7883116999999941754140309
1.2981460999999998584542027,103.7883116000000001122316462
1.2981465999999999283431862,103.7883113999999977750121616
1.2981469999999999398454520,103.7883112999999895009750617
1.2981473999999999513477178,103.7883109999999931005731924
1.2981479000000000212367013,103.7883106999999967001713230
1.2981484999999999274677975,103.7883104000000002997694537
1.2981490999999998336988938,103.7883100999999896885128692
1.2981498000000000203613126,103.7883097999999932881109999
1.2981502999999998682056912,103.7883094999999968877091305
1.2981502999999998682056912,103.7883095999999909508915152
1.2981502000000000318635784,103.7883099000000015621480998
1.2981500999999999734768608,103.7883100999999896885128692
1.2981499999999999150901431,103.7883102999999920257323538
1.2981498999999998567034254,103.7883105999999884261342231
1.2981496999999999619745950,103.7883106999999967001713230
1.2981495999999999035878773,103.7883108999999990373908076
1.2981494999999998452011596,103.7883111999999954377926770
1.2981494999999998452011596,103.7883113999999977750121616
1.2981494999999998452011596,103.7883116000000001122316462
1.2981494999999998452011596,103.7883116999999941754140309
1.2981495999999999035878773,103.7883118999999965126335155
1.2981495999999999035878773,103.7883119999999905758159002
1.2981496999999999619745950,103.7883120999999988498530001
1.2981496999999999619745950,103.7883121999999929130353848
1.2981496999999999619745950,103.7883120999999988498530001
1.2981496999999999619745950,103.7883120999999988498530001
1.2981498000000000203613126,103.7883119999999905758159002
1.2981499999999999150901431,103.7883117999999882385964156
1.2981502999999998682056912,103.7883114999999918381945463
1.2981507999999999380946747,103.7883111999999954377926770
1.2981511999999999495969405,103.7883109999999931005731924
1.2981517000000000194859240,103.7883107999999907633537077
1.2981523999999999841037379,103.7883105999999884261342231
1.2981529999999998903348342,103.7883104000000002997694537
1.2981536000000000186105353,103.7883101999999979625499691
1.2981541999999999248416316,103.7883101999999979625499691
1.2981545999999999363438974,103.7883102999999920257323538
1.2981549999999999478461632,103.7883102999999920257323538
1.2981553999999999593484290,103.7883104000000002997694537
1.2981555000000000177351467,103.7883104000000002997694537
1.2981555999999998540772594,103.7883104000000002997694537
1.2981556999999999124639771,103.7883104000000002997694537
1.2981557999999999708506948,103.7883104000000002997694537
1.2981559999999998655795252,103.7883104000000002997694537
1.2981561999999999823529606,103.7883104000000002997694537
1.2981563000000000407396783,103.7883102999999920257323538
1.2981564999999999354685087,103.7883102999999920257323538
1.2981565999999999938552264,103.7883102999999920257323538
1.2981567999999998885840569,103.7883102999999920257323538
1.2981568999999999469707745,103.7883101999999979625499691
1.2981570000000000053574922,103.7883099000000015621480998
1.2981570000000000053574922,103.7883094999999968877091305
1.2981570000000000053574922,103.7883088999999898760506767
1.2981570000000000053574922,103.7883083999999911384293227
1.2981568999999999469707745,103.7883078999999924008079688
1.2981568999999999469707745,103.7883076999999900635884842
1.2981570000000000053574922,103.7883075999999960004060995
1.2981570000000000053574922,103.7883075000000019372237148
1.2981570999999998416996050,103.7883075000000019372237148
1.2981570999999998416996050,103.7883075000000019372237148
1.2981572999999999584730404,103.7883075000000019372237148
1.2981574000000000168597580,103.7883075000000019372237148
1.2981574000000000168597580,103.7883075999999960004060995
1.2981574000000000168597580,103.7883076999999900635884842
1.2981574999999998532018708,103.7883077999999983376255841
1.2981575999999999115885885,103.7883077999999983376255841
1.2981576999999999699753062,103.7883078999999924008079688
1.2981578000000000283620238,103.7883078999999924008079688
1.2981579999999999230908543,103.7883078999999924008079688
1.2981580999999999814775720,103.7883078999999924008079688
1.2981582999999998762064024,103.7883077999999983376255841
1.2981586000000000513665555,103.7883075000000019372237148
1.2981590999999998992109340,103.7883066999999925883457763
1.2981598999999999222154656,103.7883054999999927758835838
1.2981605999999998868332796,103.7883039999999965630195220
1.2981614999999999682245289,103.7883022999999980129359756
1.2981624000000000496157782,103.7883005999999994628524291
1.2981635000000000257358579,103.7882984999999962383299135
1.2981643999999998850825023,103.7882961999999906765879132
1.2981655999999999195892997,103.7882943999999980633219820
1.2981667999999999540960971,103.7882922000000007756170817
1.2981677999999998718294592,103.7882896999999928766555968
1.2981686999999999532207084,103.7882870999999909145117272
1.2981696999999998709540705,103.7882858999999911020495347
1.2981704999999998939586021,103.7882850000000019008439267
1.2981711999999998585764160,103.7882834999999914771251497
1.2981720999999999399676653,103.7882819999999952642610879
1.2981730999999998577010274,103.7882808999999895149812801
1.2981736999999999859767286,103.7882796999999897025190876
1.2981743999999999505945425,103.7882786999999922272763797
1.2981747999999999620968083,103.7882771999999960144123179
1.2981753000000000319857918,103.7882760999999902651325101
1.2981751999999999735990741,103.7882752000000010639269021
1.2981749999999998568256387,103.7882744999999999890860636
1.2981747999999999620968083,103.7882733999999942398062558
1.2981745999999998453233729,103.7882735999999965770257404
1.2981745000000000089812602,103.7882734999999883029886405
1.2981743999999999505945425,103.7882733999999942398062558
1.2981741999999998338211071,103.7882733999999942398062558
1.2981741999999998338211071,103.7882731999999919025867712
1.2981741999999998338211071,103.7882730999999978394043865
1.2981741999999998338211071,103.7882728000000014390025171
1.2981742999999998922078248,103.7882722999999884905264480
1.2981743999999999505945425,103.7882718999999980269421940
1.2981743999999999505945425,103.7882716999999956897227094
1.2981745000000000089812602,103.7882712999999910152837401
1.2981745000000000089812602,103.7882709999999946148818708
1.2981745999999998453233729,103.7882706999999982144800015
1.2981746999999999037100906,103.7882704000000018140781322
1.2981746999999999037100906,103.7882699999999971396391629
1.2981746999999999037100906,103.7882694999999984020178090
1.2981746999999999037100906,103.7882688999999913903593551
1.2981746999999999037100906,103.7882683999999926527380012
1.2981745999999998453233729,103.7882678999999939151166473
1.2981745999999998453233729,103.7882675999999975147147779
1.2981745999999998453233729,103.7882671999999928402758087
1.2981745999999998453233729,103.7882668000000023766915547
1.2981745999999998453233729,103.7882664999999917654349701
1.2981745999999998453233729,103.7882661999999953650331008
1.2981745999999998453233729,103.7882657999999906905941316
1.2981745999999998453233729,103.7882654999999942901922623
1.2981745999999998453233729,103.7882652999999919529727777
1.2981745999999998453233729,103.7882649999999955525709083
1.2981745999999998453233729,103.7882646999999991521690390
1.2981746999999999037100906,103.7882644999999968149495544
1.2981746999999999037100906,103.7882642999999944777300698
1.2981746999999999037100906,103.7882638999999898032911005
1.2981746999999999037100906,103.7882635999999934028892312
1.2981746999999999037100906,103.7882630999999946652678773
1.2981746999999999037100906,103.7882627999999982648660080
1.2981745999999998453233729,103.7882625000000018644641386
1.2981745999999998453233729,103.7882622999999995272446540
1.2981745000000000089812602,103.7882621999999912532075541
1.2981745000000000089812602,103.7882619999999889159880695
1.2981745000000000089812602,103.7882618000000007896233001
1.2981745000000000089812602,103.7882615999999984524038155
1.2981745999999998453233729,103.7882616999999925155862002
1.2981745000000000089812602,103.7882614999999901783667156
1.2981745999999998453233729,103.7882614999999901783667156
1.2981745000000000089812602,103.7882613999999961151843308
1.2981745000000000089812602,103.7882613000000020520019461
1.2981745999999998453233729,103.7882613999999961151843308
1.2981745999999998453233729,103.7882613999999961151843308
1.2981746999999999037100906,103.7882613999999961151843308
1.2981746999999999037100906,103.7882614999999901783667156
1.2981747999999999620968083,103.7882614999999901783667156
1.2981747999999999620968083,103.7882614999999901783667156
1.2981749000000000204835260,103.7882615999999984524038155
1.2981749999999998568256387,103.7882616999999925155862002
1.2981749999999998568256387,103.7882618000000007896233001
1.2981750999999999152123564,103.7882618999999948528056848
1.2981750999999999152123564,103.7882619999999889159880695
1.2981750999999999152123564,103.7882621999999912532075541
1.2981750999999999152123564,103.7882622999999995272446540
1.2981750999999999152123564,103.7882623999999935904270387
1.2981751999999999735990741,103.7882625000000018644641386
1.2981751999999999735990741,103.7882625999999959276465233
1.2981753000000000319857918,103.7882626999999899908289080
1.2981753999999998683279046,103.7882628999999923280483927
1.2981753999999998683279046,103.7882630000000006020854926
1.2981753999999998683279046,103.7882630999999946652678773
1.2981753999999998683279046,103.7882632999999970024873619
1.2981753999999998683279046,103.7882633999999910656697466
1.2981754999999999267146222,103.7882634999999993397068465
1.2981754999999999267146222,103.7882635999999934028892312
1.2981754999999999267146222,103.7882637000000016769263311
1.2981755999999999851013399,103.7882637999999957401087158
1.2981755999999999851013399,103.7882639999999980773282005
1.2981754999999999267146222,103.7882639999999980773282005
1.2981755999999999851013399,103.7882640999999921405105852
1.2981755999999999851013399,103.7882640999999921405105852
1.2981757999999998798301704,103.7882637000000016769263311
1.2981760999999998329457185,103.7882631999999887284502620
1.2981764999999998444479843,103.7882622999999995272446540
1.2981773999999999258392336,103.7882606999999950403434923
1.2981784999999999019593133,103.7882583999999894786014920
1.2981800999999999479683765,103.7882558999999957904947223
1.2981819999999999470929879,103.7882525999999927535100142
1.2981841999999998993331474,103.7882491000000015901605366
1.2981868999999999214622903,103.7882452999999998155544745
1.2981899999999999550936991,103.7882412000000016405465431
1.2981930999999999887251079,103.7882367999999928542820271
1.2981968999999999869743306,103.7882321000000018784703570
1.2982012999999998914546495,103.7882269999999920173650025
1.2982059999999999710951215,103.7882218999999963671143632
1.2982108999999999454644239,103.7882164999999901056071394
1.2982167999999998375670884,103.7882113000000003921741154
1.2982224999999998349409225,103.7882056999999917934474070
1.2982282999999998907014742,103.7881999999999891315383138
1.2982344999999999579642918,103.7881944999999888068487053
1.2982415999999998845737537,103.7881890999999967561961967
1.2982493999999999978456344,103.7881842999999975063474267
1.2982578999999998536907242,103.7881794999999982564986567
1.2982666000000000483538543,103.7881749000000013438693713
1.2982755999999999740879275,103.7881710999999995692633092
1.2982848999999998529375489,103.7881670000000013942553778
1.2982947000000000237207587,103.7881635999999900832335697
1.2983044999999999724593636,103.7881610999999963951268001
1.2983146999999999327002342,103.7881587999999908333847998
1.2983251999999998460566530,103.7881568999999899460817687
1.2983358999999998761865072,103.7881555999999960704371915
1.2983468999999998594319095,103.7881550999999973328158376
1.2983572999999999364462155,103.7881548000000009324139683
1.2983682999999999196916178,103.7881552999999996700353222
1.2983793999999999613237378,103.7881568999999899460817687
1.2983902999999998861824224,103.7881585999999884961653152
1.2984017999999999393168082,103.7881596999999942454451229
1.2984128999999999809489282,103.7881627999999949452103465
1.2984236999999998474208951,103.7881663999999943825969240
1.2984344999999999359374669,103.7881710999999995692633092
1.2984450999999999076806034,103.7881756999999964818925946
1.2984557999999999378104576,103.7881810999999885325451032
1.2984664999999999679403118,103.7881867999999911944541964
1.2984769999999998812967306,103.7881927999999902567651588
1.2984879000000000282000201,103.7881990999999999303327058
1.2984984999999999999431566,103.7882055999999977302650223
1.2985092999999998664151235,103.7882120000000014670149540
1.2985203999999999080472435,103.7882185999999933301296551
1.2985311999999999965638153,103.7882251999999994040990714
1.2985423000000000381959353,103.7882314000000008036295185
1.2985535999999999745568857,103.7882378999999986035618349
1.2985651999999998640333843,103.7882443000000023403117666
1.2985769999999998702833182,103.7882504999999895289874985
1.2985887999999998765332521,103.7882563000000004649336915
1.2986009999999998942854518,103.7882621999999912532075541
1.2986134000000000288110868,103.7882678999999939151166473
1.2986254999999999881765689,103.7882738999999929774276097
1.2986378999999999006575990,103.7882792999999992389348336
1.2986505999999999882987822,103.7882850000000019008439267
1.2986636000000000290555136,103.7882902999999998883140506
1.2986767999999999645410753,103.7882958999999942761860439
1.2986900999999999584133548,103.7883015999999969380951370
1.2987035999999998470144646,103.7883070999999972627847455
1.2987172000000000160468971,103.7883125999999975874743541
1.2987307999999999630347247,103.7883179999999896381268627
1.2987446999999998631381004,103.7883233999999958996340865
1.2987587000000000436727987,103.7883290999999985615431797
1.2987727000000000021628921,103.7883348000000012234522728
1.2987868000000000190397031,103.7883404999999896745066508
1.2988002999999999076408130,103.7883473999999921488779364
1.2988134999999998431263748,103.7883537999999958856278681
1.2988260999999998723808403,103.7883613999999994348399923
1.2988383999999999485197577,103.7883684999999900355760474
1.2988513999999999892764890,103.7883750999999961095454637
1.2988634999999999486419711,103.7883823999999890475010034
1.2988755999999999080074531,103.7883899999999925967131276
1.2988863999999999965240249,103.7883992000000006328264135
1.2988958999999999921470817,103.7884095999999942705471767
1.2989123999999998559928827,103.7884118999999998322891770
1.2989273999999999542609430,103.7884133999999960451532388
1.2989418999999999826400199,103.7884154999999992696757545
1.2989562999999999526323791,103.7884195999999974446836859
1.2989706999999999226247382,103.7884229999999945448507788
1.2989835999999999049947519,103.7884243999999966945324559
1.2989953999999999112446858,103.7884248999999954321538098
1.2990025999999998962408654,103.7884313999999932320861262
1.2990075999999999289968855,103.7884446999999994432073436
1.2990136999999999378729854,103.7884572999999903686330072
1.2990188000000000290157232,103.7884701999999919053152553
1.2990228999999999803804940,103.7884826999999887675585342
1.2990312999999999998834710,103.7884904000000005908077583
1.2990407999999999955065277,103.7884978999999958659827826
1.2990485999999998867338036,103.7885069999999956280589686
1.2990561999999998832322490,103.7885151999999919780748314
1.2990611999999999159882691,103.7885235999999906653101789
1.2990686000000000177578841,103.7885294000000016012563719
1.2990755000000000496385155,103.7885332999999974390448187
1.2990823999999998594745421,103.7885390000000001009539119
1.2990888000000000435107950,103.7885457000000002381057129
1.2991034999999999666187023,103.7885485999999986006514519
1.2991190999999999711178589,103.7885524000000003752575140
1.2991304999999999658655270,103.7885592999999886387740844
1.2991432999999998898488229,103.7885658999999947127435007
1.2991597999999999757392288,103.7885697999999905505319475
1.2991728000000000164959602,103.7885777999999987741830410
1.2991865999999998582126182,103.7885838999999918996763881
1.2992013000000000033651304,103.7885911999999990484866430
1.2992135000000000211173301,103.7885982999999896492226981
1.2992216999999999238468718,103.7886062999999978728737915
1.2992339999999999999857891,103.7886123999999909983671387
1.2992493999999998877115104,103.7886163000000010470103007
1.2992584000000000354901886,103.7886243999999891229890636
1.2992645999999998807084012,103.7886321999999950094206724
1.2992718999999999240912985,103.7886407000000019706931198
1.2992798999999999320920097,103.7886491000000006579284673
1.2992922000000000082309271,103.7886560999999971954821376
1.2993076999999999543433660,103.7886621999999903209754848
1.2993242999999998765758846,103.7886661000000003696186468
1.2993377999999999872215994,103.7886716000000006943082553
1.2993508999999998643204435,103.7886792999999983067027642
1.2993563999999999669654471,103.7886917000000011057636584
1.2993691999999998909487431,103.7886996999999951185600366
1.2993797999999998626918796,103.7887070999999963305526762
1.2993902999999999980929033,103.7887139999999988049239619
1.2994025000000000158451030,103.7887218999999987545379554
1.2994163999999999159484787,103.7887295000000023037500796
1.2994274999999999575805987,103.7887375999999903797288425
1.2994418999999999275729579,103.7887451999999939289409667
1.2994596999999998843122739,103.7887516999999917288732831
1.2994809000000000498431518,103.7887562999999886415025685
1.2994983999999998314223149,103.7887633999999934530933388
1.2995156999999999403172524,103.7887688999999937777829473
1.2995311999999998864296913,103.7887771999999984018359100
1.2995535000000000280806489,103.7887807999999978392224875
1.2995748999999998662957523,103.7887861999999898898749962
1.2996003000000000415781187,103.7887882999999931143975118
1.2996216000000000434511094,103.7887927000000019006620278
1.2996432999999998347817609,103.7887954999999919891706668
1.2996620999999999312990440,103.7888002999999912390194368
1.2996824000000000154386726,103.7888052999999928260876914
1.2997016999999999598003342,103.7888090999999946006937535
1.2997193999999998581529326,103.7888124999999917008608463
1.2997345000000000148077106,103.7888182999999884259523242
1.2997494999999998910311660,103.7888244999999898254827713
1.2997653999999998486458708,103.7888299999999901501723798
1.2997790999999998540204160,103.7888351000000000112777343
1.2997917999999999416615992,103.7888409999999907995515969
1.2998061999999999116539584,103.7888458999999983234374668
1.2998186000000000461795935,103.7888532999999995354301063
1.2998324999999999462829692,103.7888595000000009349605534
1.2998456000000000454264182,103.7888647999999989224306773
1.2998601999999999101476078,103.7888686999999947602191241
1.2998734999999999040198873,103.7888731999999976096660248
1.2998871999999999093944325,103.7888774999999981218934408
1.2999004999999999032667120,103.7888806999999928848410491
1.2999127999999999794056293,103.7888841999999982590452419
1.2999239999999998573798621,103.7888887999999951716745272
1.2999350999999998990119821,103.7888931999999897470843280
1.2999461999999999406441020,103.7888969999999915216903901
1.2999555000000000415383283,103.7889021000000013827957446
1.2999662999999999080102953,103.7889055999999925461452221
1.2999765999999999266378836,103.7889095999999966579707689
1.2999853999999999576431264,103.7889138999999971701981849
1.2999958000000000346574325,103.7889173999999883335476625
1.3000049000000000187782234,103.7889212999999983821908245
1.3000144000000000144012802,103.7889255999999988944182405
1.3000225999999999171308218,103.7889304999999922074493952
1.3000279999999999613891077,103.7889363999999972065779730
1.3000357000000000162742708,103.7889423999999962688889354
1.3000441999999998721193606,103.7889471999999955187377054
1.3000521000000000437779590,103.7889515999999900941475062
1.3000593999999998651162514,103.7889605999999957930413075
1.3000637999999999916411753,103.7889761999999933550498099
1.3000720999999999527574346,103.7889799000000010664734873
1.3000779999999998448600991,103.7889845999999920422851574
1.3000838999999999590073685,103.7889904999999970414137351
1.3000918999999999670080797,103.7889953999999903544448898
1.3000992999999998467330897,103.7889995999999968034899211
1.3001058999999999254981731,103.7890033999999985780959832
1.3001108999999999582541932,103.7890084999999942283466225
1.3001171000000000255170107,103.7890135999999898785972618
1.3001229999999999176196752,103.7890192999999925405063550
1.3001279999999999503756953,103.7890226999999896406734479
1.3001339999999999008650775,103.7890268000000020265360945
1.3001377999999998991143002,103.7890329999999892152118264
1.3001411999999998858612571,103.7890396999999893523636274
1.3001476999999999062396228,103.7890432999999887897502049
1.3001528999999998337244733,103.7890474000000011756128515
1.3001589000000000062584604,103.7890510999999946761818137
1.3001639000000000390144805,103.7890548000000023876054911
1.3001692000000000248860488,103.7890572999999960757122608
1.3001730000000000231352715,103.7890577000000007501512300
1.3001785999999999621223878,103.7890591999999969630152918
1.3001825999999998551004410,103.7890611999999919135007076
1.3001867999999998648519295,103.7890622999999976627805154
1.3001902999999999099856041,103.7890632999999951380232233
1.3001932000000000488881824,103.7890644999999949504854158
1.3001948999999999312393584,103.7890644999999949504854158
1.3001970999999998834795178,103.7890640999999902760464465
1.3001987999999999878752988,103.7890630999999928008037386
1.3002004000000000338843620,103.7890616999999906511220615
1.3002020999999999162355380,103.7890601000000003750756150
1.3002043999999999268624151,103.7890584999999958881744533
1.3002059999999999728714783,103.7890572999999960757122608
1.3002074999999999604938239,103.7890560000000022000676836
1.3002091000000000065028871,103.7890548000000023876054911
1.3002103999999998773517973,103.7890538999999989755451679
1.3002114999999998534718770,103.7890530999999896266672295
1.3002127999999999463653921,103.7890523999999885518263909
1.3002142999999999339877377,103.7890511999999887393641984
1.3002158999999999799968009,103.7890498000000008005372365
1.3002175999999998623479769,103.7890484999999927140379441
1.3002192999999999667437578,103.7890470999999905643562670
1.3002210999999999074816515,103.7890456999999884146745899
1.3002226999999999534907147,103.7890445999999968762494973
1.3002243999999998358418907,103.7890432999999887897502049
1.3002256999999999287354058,103.7890423999999995885445969
1.3002270000000000216289209,103.7890412999999938392647891
1.3002285000000000092512664,103.7890402000000023008396965
1.3002293999999998685979108,103.7890393999999929519617581
1.3002304000000000083758778,103.7890386999999918771209195
1.3002312999999998677225221,103.7890379999999908022800810
1.3002320999999998907270538,103.7890376999999944018782116
1.3002331000000000305050207,103.7890371000000016010744730
1.3002342000000000066251005,103.7890364000000005262336344
1.3002354000000000411318979,103.7890357999999935145751806
1.3002365000000000172519776,103.7890353999999888401362114
1.3002374999999999349853397,103.7890348999999901025148574
1.3002384999999998527187017,103.7890343999999913648935035
1.3002394999999999924966687,103.7890341999999890276740189
1.3002407000000000270034661,103.7890335999999962268702802
1.3002415000000000500079977,103.7890331999999915524313110
1.3002422999999998509679244,103.7890328000000010888470570
1.3002431999999999323591737,103.7890325999999987516275723
1.3002441999999998500925358,103.7890323000000023512257030
1.3002447999999999783682370,103.7890321999999940771886031
1.3002453000000000482572204,103.7890321000000000140062184
1.3002460000000000128750344,103.7890317999999894027496339
1.3002468000000000358795660,103.7890312999999906651282799
1.3002477999999999536129280,103.7890307999999919275069260
1.3002487999999998713462901,103.7890302999999931898855721
1.3002498999999998474663698,103.7890297000000003890818334
1.3002510000000000456310545,103.7890292000000016514604795
1.3002523999999999748666824,103.7890285999999946398020256
1.3002536999999998457155925,103.7890280000000018389982870
1.3002548000000000438802772,103.7890276999999912277417025
1.3002559000000000200003569,103.7890274999999888905222178
1.3002570999999998324625494,103.7890270999999984269379638
1.3002576999999999607382506,103.7890269999999901529008639
1.3002583999999999253560645,103.7890269999999901529008639
1.3002583999999999253560645,103.7890273999999948273398331
1.3002589999999998315871608,103.7890270999999984269379638
1.3002595999999999598628619,103.7890271999999924901203485
1.3002599999999999713651277,103.7890275999999971645593178
1.3002605999999998775962240,103.7890278999999935649611871
1.3002612000000000058719252,103.7890280000000018389982870
1.3002617999999999121030214,103.7890278999999935649611871
1.3002622999999999819920049,103.7890277999999995017788024
1.3002628999999998882231012,103.7890274999999888905222178
1.3002633999999999581120846,103.7890271999999924901203485
1.3002643000000000395033339,103.7890266999999937524989946
1.3002650999999998404632606,103.7890262999999890780600253
1.3002658999999998634677922,103.7890257999999903404386714
1.3002666000000000501302111,103.7890254999999939400368021
1.3002673000000000147480250,103.7890252999999916028173175
1.3002677000000000262502908,103.7890256999999962772562867
1.3002683999999999908681048,103.7890259999999926776581560
1.3002685999999998855969352,103.7890264999999914152795100
1.3002688000000000023703706,103.7890269999999901529008639
1.3002692999999998502147491,103.7890273999999948273398331
1.3002696999999998617170149,103.7890274999999888905222178
1.3002702999999999899927161,103.7890273999999948273398331
1.3002707000000000014949819,103.7890274999999888905222178
1.3002712999999999077260782,103.7890275999999971645593178
1.3002717999999999776150617,103.7890275999999971645593178
1.3002724999999999422328756,103.7890277999999995017788024
1.3002730999999998484639718,103.7890280000000018389982870
1.3002734999999998599662376,103.7890282999999982394001563
1.3002739999999999298552211,103.7890285999999946398020256
1.3002744999999999997442046,103.7890286999999887029844103
1.3002749999999998475885832,103.7890288999999910402038950
1.3002754999999999174775667,103.7890290999999933774233796
1.3002761999999998820953806,103.7890292000000016514604795
1.3002768000000000103710818,103.7890290999999933774233796
1.3002772000000000218733476,103.7890292999999957146428642
1.3002776000000000333756134,103.7890293999999897778252489
1.3002777999999999281044438,103.7890295999999921150447335
1.3002780000000000448778792,103.7890297999999944522642181
1.3002782999999999979934273,103.7890298999999885154466028
1.3002785999999999511089754,103.7890299999999967894837027
1.3002789999999999626112412,103.7890299999999967894837027
1.3002792999999999157267894,103.7890299999999967894837027
1.3002795999999998688423375,103.7890299999999967894837027
1.3002799999999998803446033,103.7890297999999944522642181
1.3002802999999998334601514,103.7890297000000003890818334
1.3002803999999998918468691,103.7890297999999944522642181
1.3002804999999999502335868,103.7890298999999885154466028
1.3002806999999998449624172,103.7890299999999967894837027
1.3002811999999999148514007,103.7890299999999967894837027
1.3002816999999999847403842,103.7890299999999967894837027
1.3002822999999998909714805,103.7890298999999885154466028
1.3002825999999998440870286,103.7890300999999908526660874
1.3002829000000000192471816,103.7890301999999991267031874
1.3002833000000000307494474,103.7890304000000014639226720
1.3002835999999999838649956,103.7890305999999895902874414
1.3002841999999998900960918,103.7890307999999919275069260
1.3002848999999998547139057,103.7890309000000002015440259
1.3002856999999998777184373,103.7890309999999942647264106
1.3002868999999999122252348,103.7890310999999883279087953
1.3002880999999999467320322,103.7890314999999930023477646
1.3002890000000000281232815,103.7890317999999894027496339
1.3002901000000000042433612,103.7890323999999964144080877
1.3002918999999999449812549,103.7890328000000010888470570
1.3002944999999999087236802,103.7890341999999890276740189
1.3002972999999999892395408,103.7890357999999935145751806
1.3003005999999999175997800,103.7890371999999956642568577
1.3003040999999999627334546,103.7890393999999929519617581
1.3003080999999998557115077,103.7890414999999961764842737
1.3003133000000000052409632,103.7890432999999887897502049
1.3003183000000000379969833,103.7890462999999954263330437
1.3003236000000000238685516,103.7890493000000020629158826
1.3003290999999999044689503,103.7890531999999979007043294
1.3003358999999998779628640,103.7890557999999998628481990
1.3003432999999999797324790,103.7890582999999935509549687
1.3003506999999998594574890,103.7890611999999919135007076
1.3003563999999998568313231,103.7890648999999996249243850
1.3003636999999999002142204,103.7890683999999907882738626
1.3003709999999999435971176,103.7890723999999949000994093
1.3003776000000000223622010,103.7890793999999914376530796
1.3003848000000000073583806,103.7890846999999894251232035
1.3003921999999998870833906,103.7890901999999897498128121
1.3004004999999998481996499,103.7890952999999996109181666
1.3004085999999999145870788,103.7891006999999916615706752
1.3004189999999999916013849,103.7891060999999979230778990
1.3004282999999998704510062,103.7891120999999969853888615
1.3004371999999999598429667,103.7891181999999901108822087
1.3004469999999999085815716,103.7891247000000021216692403
1.3004568999999999157068942,103.7891314000000022588210413
1.3004671999999999343344825,103.7891379000000000587533577
1.3004772999999998361886355,103.7891446999999942590875435
1.3004888999999999477097390,103.7891511999999920590198599
1.3005013999999999185774868,103.7891584999999992078301148
1.3005122000000000070940587,103.7891659999999944830051390
1.3005227999999999788371952,103.7891731999999933577782940
1.3005337999999999620825974,103.7891805000000005065885489
1.3005458999999999214480795,103.7891873999999887701051193
1.3005579999999998808135615,103.7891946000000018557329895
1.3005700000000000038369308,103.7892021999999911940903985
1.3005826999999998694335090,103.7892089999999996052792994
1.3005952999999998986879746,103.7892161999999984800524544
1.3006088999999998456758021,103.7892227999999903431671555
1.3006219999999999448192511,103.7892296999999928175384412
1.3006352999999999386915306,103.7892366999999893550921115
1.3006488000000000493372454,103.7892432999999954290615278
1.3006621000000000432095248,103.7892497999999932289938442
1.3006755999999999318106347,103.7892557999999922913048067
1.3006883999999998557939307,103.7892605999999915411535767
1.3007010999999999434351139,103.7892674999999940155248623
1.3007131999999999028005959,103.7892742999999882158590481
1.3007253999999999205527956,103.7892804999999896153894952
1.3007379999999999498072611,103.7892858000000018137143343
1.3007507999999998737905571,103.7892919999999890023900662
1.3007619999999999738093948,103.7892989999999997507984517
1.3007744999999999446771426,103.7893049999999988131094142
1.3007869999999999155448904,103.7893110999999919386027614
1.3007988999999999801815420,103.7893174999999956753526931
1.3008102999999999749292101,103.7893223999999889883838478
1.3008224999999999926814098,103.7893274999999988494892023
1.3008341999999999405446260,103.7893325000000004365574569
1.3008458000000000520657295,103.7893380999999948244294501
1.3008564000000000238088660,103.7893424999999893998392508
1.3008672999999999486675506,103.7893467999999899120666669
1.3008781000000000371841224,103.7893511999999986983311828
1.3008887999999998452693717,103.7893554999999992105585989
1.3008992999999999806703954,103.7893591999999927111275611
1.3009100000000000108002496,103.7893625999999898112946539
1.3009204999999999241566684,103.7893661999999892486812314
1.3009309000000000011709744,103.7893704999999897609086474
1.3009405999999998915228616,103.7893734999999963974914863
1.3009504999999998986481842,103.7893758999999960224158713
1.3009599999999998942712409,103.7893795999999895229848335
1.3009695999999999482810153,103.7893827999999984967871569
1.3009789999999998855173544,103.7893855999999885852957959
1.3009884000000000447982984,103.7893882999999988214767654
1.3009963999999998307544047,103.7893910999999889099854045
1.3010044999999998971418336,103.7893933000000004085450200
1.3010131999999998697603587,103.7893964999999951714926283
1.3010213999999999945345053,103.7893986999999924591975287
1.3010302000000000255397481,103.7894012999999944213413983
1.3010384999999999866560074,103.7894036999999940462657833
1.3010466999999998893855491,103.7894063999999900715920376
1.3010536999999999796528982,103.7894087999999896965164226
1.3010602999999998363733766,103.7894114999999999326973921
1.3010663000000000089073637,103.7894132999999925459633232
1.3010722999999999593967459,103.7894156999999921708877082
1.3010775999999999452683141,103.7894178999999894585926086
1.3010827000000000364110520,103.7894206999999937579559628
1.3010869999999998825046532,103.7894222999999982448571245
1.3010914000000000090295771,103.7894232000000016569174477
1.3010950999999999488920821,103.7894235999999921205017017
1.3010984999999999356390390,103.7894237999999944577211863
1.3011009999999998409947466,103.7894245999999895957444096
1.3011040999999998746261554,103.7894249000000002070009941
1.3011064999999999436397502,103.7894247999999919329638942
1.3011091999999999657688932,103.7894241999999991321601556
1.3011112999999998596223350,103.7894235999999921205017017
1.3011125999999999525158501,103.7894237000000003945388016
1.3011133999999999755203817,103.7894235999999921205017017
1.3011139000000000454093652,103.7894237999999944577211863
1.3011139999999998817514779,103.7894239999999967949406710
1.3011140999999999401381956,103.7894241999999991321601556
1.3011139999999998817514779,103.7894244999999955325620249
1.3011137999999999870226475,103.7894247999999919329638942
1.3011135999999998702492121,103.7894250999999883333657635
1.3011132999999999171336640,103.7894254999999930078047328
1.3011131000000000224048335,103.7894258999999976822437020
1.3011129999999999640181159,103.7894263999999964198650559
1.3011129999999999640181159,103.7894266999999928202669253
1.3011128999999999056313982,103.7894268999999951574864099
1.3011128999999999056313982,103.7894271999999915578882792
1.3011128999999999056313982,103.7894275999999962323272484
1.3011128999999999056313982,103.7894280999999949699486024
1.3011131999999998587469463,103.7894283999999913703504717
1.3011135000000000339070994,103.7894285999999937075699563
1.3011136999999999286359298,103.7894285999999937075699563
1.3011139999999998817514779,103.7894284999999996443875716
1.3011142999999998348670260,103.7894283999999913703504717
1.3011146999999998463692918,103.7894282999999973071680870
1.3011150999999998578715577,103.7894281999999890331309871
1.3011154999999998693738235,103.7894280999999949699486024
1.3011158999999998808760893,103.7894280000000009067662177
1.3011161999999998339916374,103.7894278999999926327291178
1.3011165999999998454939032,103.7894278999999926327291178
1.3011169999999998569961690,103.7894278999999926327291178
1.3011173999999998684984348,103.7894280999999949699486024
1.3011175999999999852718702,103.7894281999999890331309871
1.3011178999999999383874183,103.7894283999999913703504717
1.3011180999999998331162487,103.7894285999999937075699563
1.3011184000000000082764018,103.7894287000000019816070562
1.3011186999999999613919499,103.7894287000000019816070562
1.3011188999999998561207804,103.7894287999999960447894409
1.3011192000000000312809334,103.7894287999999960447894409
1.3011194999999999843964815,103.7894287999999960447894409
1.3011196999999998791253120,103.7894288999999901079718256
1.3011198999999999958987473,103.7894288999999901079718256
1.3011200999999998906275778,103.7894288999999901079718256
1.3011203000000000074010131,103.7894289999999983820089255
1.3011204999999999021298436,103.7894290999999924451913103
1.3011207999999998552453917,103.7894289999999983820089255
1.3011209999999999720188271,103.7894289999999983820089255
1.3011211999999998667476575,103.7894289999999983820089255
1.3011213999999999835210929,103.7894290999999924451913103
1.3011215999999998782499233,103.7894292999999947824107949
1.3011217999999999950233587,103.7894293999999888455931796
1.3011217999999999950233587,103.7894293999999888455931796
1.3011217999999999950233587,103.7894292999999947824107949
1.3011218999999998313654714,103.7894292999999947824107949
1.3011220999999999481389068,103.7894293999999888455931796
1.3011222000000000065256245,103.7894293999999888455931796
1.3011222999999998428677372,103.7894293999999888455931796
1.3011223999999999012544549,103.7894293999999888455931796
1.3011224999999999596411726,103.7894293999999888455931796
1.3011224999999999596411726,103.7894294999999971196302795
1.3011224999999999596411726,103.7894294999999971196302795
1.3011224999999999596411726,103.7894294999999971196302795
1.3011226000000000180278903,103.7894294999999971196302795
1.3011224999999999596411726,103.7894293999999888455931796
1.3011223999999999012544549,103.7894293999999888455931796
1.3011223999999999012544549,103.7894293999999888455931796
1.3011222999999998428677372,103.7894293999999888455931796
1.3011222000000000065256245,103.7894293999999888455931796
1.3011220999999999481389068,103.7894292999999947824107949
1.3011219999999998897521891,103.7894290999999924451913103
1.3011217999999999950233587,103.7894288999999901079718256
1.3011216999999999366366410,103.7894287999999960447894409
1.3011216999999999366366410,103.7894287000000019816070562
1.3011215999999998782499233,103.7894287000000019816070562
1.3011215000000000419078106,103.7894285999999937075699563
1.3011215000000000419078106,103.7894284999999996443875716
1.3011215000000000419078106,103.7894283999999913703504717
1.3011215000000000419078106,103.7894282999999973071680870
1.3011215000000000419078106,103.7894281999999890331309871
1.3011215000000000419078106,103.7894280999999949699486024
1.3011215000000000419078106,103.7894280000000009067662177
1.3011215000000000419078106,103.7894278999999926327291178
1.3011215000000000419078106,103.7894278999999926327291178
1.3011215000000000419078106,103.7894278999999926327291178
1.3011215999999998782499233,103.7894278999999926327291178
1.3011220999999999481389068,103.7894280000000009067662177
1.3011231999999999242589865,103.7894280999999949699486024
1.3011249000000000286547674,103.7894280999999949699486024
1.3011272999999998756237574,103.7894281999999890331309871
1.3011307999999999207574319,103.7894285999999937075699563
1.3011345999999999190066546,103.7894293999999888455931796
1.3011391999999999402604089,103.7894297999999935200321488
1.3011443999999998677452595,103.7894306999999969320924720
1.3011494999999999588879973,103.7894311000000016065314412
1.3011555999999999677640972,103.7894316999999944073351799
1.3011616999999999766401970,103.7894324999999895453584031
1.3011681999999999970185627,103.7894338999999916950400802
1.3011748999999999121257588,103.7894347000000010439180187
1.3011814999999999908908421,103.7894354999999961819412420
1.3011880999999998476113205,103.7894366000000019312210497
1.3011947999999999847631216,103.7894368999999983316229191
1.3012011999999999467547696,103.7894374999999911324266577
1.3012079999999999202486833,103.7894390000000015561454347
1.3012141999999999875115009,103.7894399999999990313881426
1.3012205999999999495031489,103.7894407000000001062289812
1.3012268999999998531080792,103.7894417999999916446540738
1.3012326999999999088686309,103.7894427999999891198967816
1.3012386000000000230159003,103.7894433999999961315552355
1.3012445999999999735052825,103.7894445999999959440174280
1.3012504999999998656079470,103.7894453999999910820406512
1.3012565999999998744840468,103.7894457000000016932972358
1.3012622000000000355157681,103.7894466999999991685399436
1.3012677999999999745028845,103.7894474999999943065631669
1.3012733999999999134900008,103.7894479999999930441845208
1.3012785000000000046327386,103.7894486999999941190253594
1.3012836999999999321175892,103.7894493999999951938661980
1.3012888000000000232603270,103.7894500000000022055246518
1.3012937999999998339717422,103.7894505000000009431460057
1.3012984999999999136122142,103.7894512999999960811692290
1.3013029999999998764792508,103.7894518999999888819729676
1.3013074000000000030041747,103.7894524999999958936314215
1.3013114999999999543689455,103.7894532999999910316546448
1.3013154000000000110048859,103.7894541000000003805325832
1.3013194999999999623696567,103.7894548999999955185558065
1.3013238999999998668499757,103.7894556999999906565790297
1.3013287000000000048771653,103.7894568999999904690412222
1.3013334999999999208597501,103.7894581999999985555405146
1.3013388999999999651180360,103.7894598999999971056240611
1.3013445999999999624918701,103.7894617999999979929270921
1.3013504999999998545945346,103.7894640999999893438143772
1.3013566999999999218573521,103.7894667999999995799953467
1.3013631999999999422357178,103.7894697999999920057234704
1.3013698000000000210008011,103.7894733999999914431100478
1.3013765999999999944947149,103.7894773000000014917532098
1.3013833999999999679886287,103.7894816999999960671630106
1.3013900999999998830958248,103.7894864999999953170117806
1.3013966999999999618609081,103.7894919999999956417013891
1.3014027999999999707370080,103.7894977999999923667928670
1.3014088999999999796131078,103.7895038999999997031409293
1.3014147000000000353736596,103.7895102999999892290361458
1.3014201999999999159740582,103.7895168999999953030055622
1.3014253000000000071167960,103.7895237999999977773768478
1.3014299999999998647126631,103.7895312999999930525518721
1.3014341999999998744641516,103.7895388999999966017639963
1.3014381999999999894868097,103.7895467999999965513779898
1.3014414999999999178470489,103.7895548999999988382114680
1.3014445999999999514784577,103.7895633999999915886292001
1.3014471999999999152208829,103.7895719999999926130840322
1.3014494999999999258477601,103.7895808999999900379407336
1.3014509999999999134701056,103.7895899999999898000169196
1.3014524999999999010924512,103.7895991999999978361302055
1.3014533999999999824837005,103.7896084999999999354258762
1.3014543999999999002170625,103.7896178000000020347215468
1.3014550999999998648348765,103.7896269999999958599801175
1.3014556999999999931105776,103.7896362999999979592757882
1.3014559999999999462261258,103.7896459999999905221557128
1.3014563999999999577283916,103.7896554999999949586708681
1.3014563999999999577283916,103.7896652000000017324055079
1.3014565000000000161151092,103.7896750999999966325049172
1.3014565999999998524572220,103.7896851999999938698238111
1.3014565000000000161151092,103.7896956000000017183992895
1.3014565999999998524572220,103.7897061999999976933395374
1.3014565000000000161151092,103.7897169000000019423168851
1.3014562999999998993416739,103.7897277999999943176590023
1.3014561999999998409549562,103.7897388999999890302206040
1.3014562999999998993416739,103.7897499999999979536369210
1.3014554000000000399950295,103.7897614999999973406374920
1.3014558000000000514972953,103.7897728999999884536009631
1.3014558000000000514972953,103.7897845999999901778210187
1.3014554000000000399950295,103.7897964000000001760781743
1.3014563999999999577283916,103.7898083999999983007000992
1.3014575999999999922351890,103.7898205999999987625415088
1.3014569999999998639594878,103.7898330999999956247847877
1.3014570999999999223462055,103.7898457000000007610651664
1.3014570999999999223462055,103.7898583999999999605279299
1.3014573000000000391196409,103.7898709999999908859535935
1.3014573999999998754617536,103.7898840999999947598553263
1.3014580000000000037374548,103.7898972999999926969394437
1.3014588000000000267419864,103.7899106999999929712430458
1.3014599000000000028620661,103.7899242000000015195837477
1.3014608999999999205954282,103.7899377999999899202521192
1.3014618999999998383287902,103.7899515000000008058123058
1.3014642999999999073423851,103.7899654999999938809196465
1.3014656999999998365780129,103.7899795999999952300640871
1.3014672999999998825870762,103.7899941999999953168298816
1.3014700999999999631029368,103.7900087999999954035956762
1.3014725000000000321165317,103.7900235999999978275809553
1.3014746999999999843566911,103.7900381999999979143467499
1.3014757999999999604767709,103.7900532999999967387338984
1.3014774000000000064858341,103.7900683000000014999386622
1.3014787999999999357214620,103.7900838999999990619471646
1.3014784999999999826059138,103.7900993999999883499185671
1.3014802999999999233438075,103.7901147999999977855623001
1.3014812999999998410771695,103.7901303000000012843884178
1.3014812000000000047350568,103.7901458999999988463969203
1.3014820000000000277395884,103.7901607000000012703821994
1.3014820999999998640817012,103.7901759999999882211341173
1.3014839999999998632063125,103.7901906999999965819370118
1.3014843000000000383664656,103.7902052999999966687028063
1.3014839999999998632063125,103.7902203000000014299075701
1.3014837999999999684774821,103.7902347999999932426362648
1.3014833999999999569752163,103.7902493999999933294020593
1.3014832999999998985884986,103.7902641000000016902049538
1.3014836999999999100907644,103.7902781999999888284946792
1.3014839000000000268641998,103.7902924999999925148586044
1.3014841999999999799797479,103.7903065999999938640030450
1.3014843999999998747085783,103.7903206000000011499651009
1.3014843999999998747085783,103.7903345000000001618900569
1.3014841999999999799797479,103.7903482999999908997779130
1.3014840999999999215930302,103.7903618999999935113009997
1.3014837999999999684774821,103.7903754999999961228240863
1.3014835999999998517040467,103.7903889999999904603100731
1.3014833999999999569752163,103.7904023999999907346136752
1.3014831000000000038596681,103.7904156999999969457348925
1.3014825999999999339706847,103.7904291999999912832208793
1.3014821999999999224684188,103.7904426999999998315615812
1.3014816999999998525794354,103.7904562999999882322299527
1.3014812999999998410771695,103.7904702000000014550096239
1.3014802999999999233438075,103.7904844999999909305188339
1.3014798999999999118415417,103.7904987999999946168827591
1.3014790999999998888370101,103.7905133999999947036485537
1.3014784999999999826059138,103.7905279000000007272319635
1.3014776999999999596013822,103.7905423999999925399606582
1.3014770999999998313256810,103.7905566999999962263245834
1.3014763999999998667078671,103.7905707999999975754690240
1.3014755999999998437033355,103.7905852999999893881977187
1.3014744999999998675832558,103.7905994999999990113792592
1.3014736999999998445787242,103.7906137999999884868884692
1.3014725999999998684586444,103.7906278999999898360329098
1.3014711999999999392230166,103.7906420999999994592144503
1.3014707999999999277207507,103.7906560999999925343217910
1.3014696999999999516006710,103.7906696999999951458448777
1.3014685999999999754805913,103.7906833999999918205503491
1.3014672000000000462449634,103.7906972999999908324753051
1.3014657999999998949647306,103.7907115999999945188392303
1.3014641999999998489556674,103.7907256999999958679836709
1.3014630000000000364934749,103.7907395999999948799086269
1.3014618000000000019866775,103.7907537999999902922354522
1.3014603000000000143643319,103.7907676999999893041604082
1.3014588000000000267419864,103.7907817999999906533048488
1.3014573999999998754617536,103.7907957999999979392669047
1.3014556999999999931105776,103.7908097999999910143742454
1.3014540999999999471015144,103.7908238999999923635186860
1.3014527000000000178658865,103.7908379999999937126631266
1.3014505999999999019678398,103.7908516999999903873685980
1.3014479999999999382254146,103.7908656999999976733306539
1.3014459999999998807140855,103.7908795999999966852556099
1.3014440000000000452473614,103.7908934000000016339981812
1.3014418999999999293493147,103.7909071999999923718860373
1.3014398000000000354958729,103.7909208999999890465915087
1.3014373999999999664822781,103.7909345999999999321516952
1.3014353999999999089709490,103.7909481999999883328200667
1.3014333999999998514596200,103.7909617999999909443431534
1.3014314999999998523350087,103.7909753999999935558662401
1.3014300999999999230993808,103.7909891999999985046088113
1.3014289999999999469793011,103.7910025999999987789124134
1.3014276999999998540857860,103.7910164999999977908373694
1.3014263999999999832368758,103.7910296000000016647391021
1.3014244999999999841122644,103.7910431999999900654074736
1.3014230999999998328320316,103.7910567999999926769305603
1.3014212999999998920941380,103.7910703999999952884536469
1.3014196999999998460850748,103.7910839999999978999767336
1.3014174999999998938449153,103.7910976999999945746822050
1.3014153999999999999914735,103.7911110999999948489858070
1.3014129999999999309778786,103.7911247999999915236912784
1.3014105999999998619642838,103.7911381999999917979948805
1.3014086999999998628396725,103.7911515999999920722984825
1.3014064999999999105995130,103.7911649999999923466020846
1.3014040000000000052438054,103.7911781999999902836862020
1.3014017999999998309590410,103.7911915999999905579898041
1.3013985999999999609855195,103.7912051999999931695128907
1.3013959999999999972430942,103.7912185999999934438164928
1.3013941999999998344605956,103.7912319999999937181200949
1.3013920999999999406071538,103.7912451999999916552042123
1.3013898999999999883669943,103.7912582999999955291059450
1.3013875999999999777401172,103.7912713999999994030076778
1.3013860999999999901177716,103.7912843999999950028723106
1.3013850000000000139976919,103.7912974999999988767740433
1.3013809999999998989750338,103.7913106999999968138581607
1.3013782999999998768458909,103.7913241999999911513441475
1.3013755000000000183746351,103.7913375999999914256477496
1.3013730999999999493610403,103.7913506999999952995494823
1.3013702999999998688451797,103.7913640999999955738530844
1.3013672999999998936004886,103.7913774999999958481566864
1.3013651999999999997470468,103.7913906999999937852408038
1.3013624999999999776179038,103.7914038999999917223249213
1.3013596999999998971020432,103.7914169000000015330442693
1.3013570999999999333596179,103.7914301999999935333107715
1.3013543999999999112304749,103.7914431999999891331754043
1.3013516999999998891013320,103.7914564999999953442966216
1.3013489000000000306300763,103.7914696999999932813807391
1.3013458999999998333407802,103.7914827999999971552824718
1.3013430999999999748695245,103.7914962999999914927684586
1.3013398999999998828513981,103.7915098999999941042915452
1.3013367000000000128778765,103.7915237999999931162165012
1.3013334999999999208597501,103.7915376999999921281414572
1.3013303000000000508862286,103.7915519000000017513229977
1.3013270999999999588681021,103.7915659999999888896127231
1.3013238999999998668499757,103.7915804999999949131961330
1.3013207999999998332185669,103.7915950000000009367795428
1.3013173000000000101294972,103.7916096000000010235453374
1.3013139999999998597246531,103.7916238999999904990545474
1.3013107999999999897511316,103.7916386999999929230398266
1.3013074999999998393462874,103.7916531999999989466232364
1.3013040999999998525993306,103.7916676999999907593519310
1.3013003999999999127368255,103.7916823999999991201548255
1.3012968999999998676031510,103.7916970999999932701030048
1.3012931999999999277406459,103.7917116999999933568687993
1.3012896000000000462648586,103.7917262999999934436345939
1.3012862999999998958600145,103.7917408999999935304003884
1.3012828999999999091130576,103.7917556000000018912032829
1.3012795999999999807528184,103.7917702000000019779690774
1.3012761999999999940058615,103.7917846999999937906977721
1.3012729999999999019877350,103.7917992999999938774635666
1.3012694000000000205119477,103.7918137999999999010469764
1.3012658999999999753782731,103.7918281999999976505932864
1.3012622999999998718578809,103.7918426999999894633219810
1.3012585999999999319953758,103.7918571000000014237230062
1.3012553999999998399772494,103.7918713999999908992322162
1.3012512999999998886124786,103.7918860999999992600351106
1.3012470999999998788609901,103.7919003999999887355443207
1.3012433999999999389984850,103.7919143999999960215063766
1.3012397999999998354780928,103.7919282999999950334313326
1.3012356999999998841133220,103.7919424999999904457581579
1.3012321000000000026375346,103.7919565999999917949025985
1.3012284999999998991171424,103.7919703999999967436451698
1.3012249999999998539834678,103.7919837999999970179487718
1.3012213999999999725076805,103.7919971999999972922523739
1.3012169000000000096406438,103.7920110999999963041773299
1.3012127999999998362312681,103.7920243999999883044438320
1.3012087999999999432532150,103.7920372999999898411260801
1.3012053999999999565062581,103.7920498000000009142240742
1.3012018999999999113725835,103.7920621999999895024302532
1.3011983999999998662389089,103.7920744999999982383087627
1.3011949000000000431498393,103.7920862999999940257112030
1.3011908999999999281271812,103.7920977999999934127117740
1.3011873000000000466513939,103.7921090999999904624928604
1.3011846999999998608643637,103.7921202999999934490915621
1.3011819999999998387352207,103.7921314000000023725078790
1.3011789999999998634905296,103.7921420999999924106305116
1.3011767999999999112503701,103.7921527999999966596078593
1.3011743999999998422367753,103.7921631999999902973286225
1.3011717999999998784943500,103.7921738000000004831235856
1.3011703999999999492587222,103.7921841000000000576619641
1.3011680999999999386318450,103.7921943999999996322003426
1.3011664999999998926227818,103.7922047999999932699211058
1.3011649999999999050004362,103.7922152000000011184965842
1.3011648000000000102716058,103.7922252999999983558154781
1.3011645999999998934981704,103.7922355999999979303538566
1.3011642999999999403826223,103.7922456999999951676727505
1.3011649999999999050004362,103.7922555999999900677721598
1.3011661999999999395072336,103.7922658999999896423105383
1.3011694000000000315253601,103.7922757999999987532646628
1.3011722999999999483833335,103.7922858000000019274011720
1.3011760999999999466325562,103.7922957999999908906829660
1.3011812000000000377752940,103.7923057999999940648194752
1.3011867999999999767624104,103.7923158999999913021383691
1.3011926000000000325229621,103.7923258000000004130924935
1.3011992999999999476301582,103.7923350999999883015334490
1.3012057999999999680085239,103.7923442999999963376467349
1.3012131000000000113914211,103.7923533999999960997229209
1.3012217999999999840099463,103.7923622999999935245796223
1.3012306000000000150151891,103.7923712999999992234734236
1.3012398999999998938648105,103.7923799000000002479282557
1.3012490999999999363723191,103.7923876999999919235051493
1.3012586999999999903820935,103.7923957000000001471562427
1.3012671000000000098850705,103.7924044999999892979758442
1.3012771999999999117392235,103.7924120999999928471879684
1.3012847999999999082376689,103.7924214999999890096660238
1.3012928999999999746250978,103.7924314999999921838025330
1.3013033999999998879815166,103.7924381999999923209543340
1.3013136999999999066091050,103.7924462000000005446054274
1.3013239999999999252366933,103.7924539999999922201823210
1.3013341999999998854775640,103.7924618999999921697963146
1.3013440999999998926028866,103.7924694999999957190084388
1.3013542000000000165016445,103.7924769999999909941834630
1.3013647999999999882447810,103.7924841999999898689566180
1.3013759999999998662190137,103.7924904999999995425241650
1.3013859999999999317310539,103.7924979000000007545168046
1.3013972000000000317498916,103.7925041999999962172296364
1.3014064999999999105995130,103.7925090999999895302607911
1.3014153999999999999914735,103.7925154999999932670107228
1.3014250999999998903433607,103.7925212999999899921022006
1.3014341999999998744641516,103.7925274999999913916326477
1.3014429999999999054693944,103.7925339999999891915649641
1.3014539999999998887147967,103.7925382999999897037923802
1.3014618999999998383287902,103.7925448000000017145794118
1.3014717000000000091120000,103.7925504999999901656337897
1.3014812000000000047350568,103.7925559999999904903233983
1.3014907000000000003581135,103.7925602999999910025508143
1.3014991000000000198610905,103.7925638999999904399373918
1.3015067000000000163595359,103.7925671999999934769220999
1.3015153999999999889780611,103.7925719999999927267708699
1.3015234999999998333208850,103.7925776000000013254975784
1.3015312999999999465927658,103.7925825999999887017111178
1.3015392999999999545934770,103.7925879000000009000359569
1.3015470999999998458207529,103.7925919999999990750438883
1.3015550000000000174793513,103.7925967999999983248926583
1.3015623999999998972043613,103.7926011999999929003024590
1.3015697999999999989739763,103.7926068999999955622115522
1.3015760999999999025789066,103.7926124999999899500835454
1.3015833999999999459618039,103.7926156999999989238858689
1.3015906999999999893447011,103.7926191999999900872353464
1.3015969999999998929496314,103.7926231999999941990608932
1.3016035999999999717147148,103.7926271999999983108864399
1.3016100999999999920930804,103.7926294999999896617737249
1.3016168999999999655869942,103.7926303999999930738340481
1.3016231999999998691919245,103.7926321999999998979546945
1.3016284000000000187213800,103.7926353999999946609023027
1.3016338999999998993217787,103.7926377999999942858266877
1.3016388999999999320777988,103.7926381999999989602656569
1.3016433999999998949448354,103.7926392999999904986907495
1.3016482999999998693141379,103.7926398999999975103492034
1.3016520999999998675633606,103.7926406999999926483724266
1.3016556999999999710837528,103.7926366999999885365468799
1.3016596999999998640618060,103.7926360999999957357431413
1.3016617999999999799598527,103.7926374999999978854248184
1.3016616999999999215731350,103.7926403999999962479705573
1.3016626999999998393064971,103.7926425999999935356754577
1.3016624999999999445776666,103.7926456000000001722582965
1.3016623999999998861909489,103.7926465999999976475010044
1.3016607999999998401818857,103.7926500999999888108504820
1.3016594999999999693329755,103.7926526999999907729943516
1.3016589999999998994439920,103.7926554000000010091753211
1.3016577999999998649371946,103.7926585999999957721229293
1.3016564999999999940882844,103.7926612999999917974491837
1.3016558000000000294704705,103.7926636999999914223735686
1.3016550000000000064659389,103.7926665999999897849193076
1.3016543999999998781902377,103.7926691999999917470631772
1.3016540999999999250746896,103.7926712999999949715856928
1.3016536999999999135724238,103.7926734999999922592905932
1.3016535000000000188435934,103.7926757999999978210325935
1.3016535000000000188435934,103.7926765999999929590558168
1.3016531999999998436834403,103.7926786999999961835783324
1.3016527999999998321811745,103.7926810999999958085027174
1.3016520999999998675633606,103.7926839000000001078660716
1.3016517999999999144478124,103.7926865000000020700099412
1.3016513999999999029455466,103.7926884999999970204953570
1.3016520999999998675633606,103.7926882000000006200934877
1.3016529999999999489546099,103.7926880999999923460563878
1.3016544999999999365769554,103.7926898999999991701770341
1.3016569999999998419326630,103.7926937999999950079654809
1.3016586999999999463284439,103.7926942999999937455868348
1.3016607000000000038397729,103.7926954999999935580490273
1.3016628999999999560799324,103.7926965999999993073288351
1.3016647999999999552045438,103.7926969999999897709130892
1.3016672000000000242181386,103.7926986999999883209966356
1.3016699999999998826893943,103.7927004000000010819348972
1.3016734999999999278230689,103.7927033999999935076630209
1.3016763999999998446810423,103.7927054999999967321855365
1.3016794000000000419703383,103.7927071999999952822690830
1.3016833999999999349483915,103.7927083999999950947312755
1.3016868999999999800820660,103.7927095999999949071934680
1.3016897999999998969400394,103.7927117999999921948983683
1.3016925999999999774559001,103.7927136999999930822013994
1.3016957999999998474294216,103.7927171999999984564055922
1.3017003999999998686831759,103.7927199999999885449142312
1.3017043999999999837058340,103.7927232999999915818989393
1.3017077999999999704527909,103.7927267999999969561031321
1.3017114999999999103152959,103.7927303000000023303073249
1.3017156999999999200667844,103.7927332000000006928530638
1.3017202999999999413205387,103.7927356000000003177774488
1.3017259999999999386943728,103.7927372999999988678609952
1.3017320999999999475704726,103.7927380999999940058842185
1.3017381999999999564465725,103.7927394000000020923835109
1.3017446999999999768249381,103.7927413999999970428689267
1.3017517999999999034344000,103.7927430999999955929524731
1.3017611000000000043286263,103.7927430999999955929524731
1.3017691000000000123293376,103.7927443999999894685970503
1.3017773999999999734455969,103.7927457999999916182787274
1.3017852999999999230595904,103.7927483999999935804225970
1.3017931999999998726735839,103.7927505999999908681274974
1.3018016999999999505632786,103.7927521000000012918462744
1.3018091999999998886750063,103.7927547999999973171725287
1.3018178999999998612935315,103.7927576000000016165358829
1.3018267999999999506854920,103.7927579999999920801201370
1.3018353000000000285751867,103.7927597999999989042407833
1.3018430999999999198024625,103.7927614999999974543243297
1.3018520000000000091944230,103.7927624999999949295670376
1.3018597999999999004216988,103.7927633999999983416273608
1.3018661000000000260712341,103.7927658999999920297341305
1.3018731999999999526806960,103.7927670999999918421963230
1.3018802999999998792901579,103.7927687999999903922798694
1.3018868999999999580552412,103.7927698999999961415596772
1.3018939000000000483225904,103.7927712999999982912413543
1.3018990999999999758074409,103.7927727000000004409230314
1.3019054999999999377990889,103.7927742999999907169694779
1.3019117000000000050619064,103.7927759999999892670530244
1.3019175999999998971645709,103.7927779999999984283931553
1.3019229999999999414228569,103.7927794999999946412572172
1.3019268999999999980587972,103.7927810999999991281583789
1.3019328999999999485481794,103.7927827999999976782419253
1.3019380000000000396909172,103.7927832000000023526808945
1.3019422000000000494424057,103.7927832999999964158632793
1.3019458999999999893049107,103.7927830999999940786437946
1.3019495999999999291674158,103.7927830999999940786437946
1.3019536000000000441900738,103.7927834999999987530827639
1.3019571999999999256658612,103.7927827999999976782419253
1.3019595999999999946794560,103.7927820999999966034010868
1.3019614999999999938040673,103.7927826999999894042048254
1.3019631999999998761552433,103.7927823999999930038029561
1.3019650000000000389377419,103.7927827999999976782419253
1.3019671999999999911779014,103.7927864999999911788108875
1.3019685999999999204135293,103.7927882999999980029315338
1.3019689999999999319157951,103.7927904999999952906364342
1.3019690999999999903025127,103.7927923999999961779394653
1.3019688000000000371869646,103.7927947000000017396814656
1.3019688999999998735290774,103.7927948999999898660462350
1.3019690999999999903025127,103.7927952000000004773028195
1.3019692999999998850313432,103.7927953999999886036675889
1.3019695000000000018047785,103.7927956999999992149241734
1.3019699000000000133070444,103.7927961999999979525455274
1.3019703000000000248093102,103.7927967999999907533492660
1.3019704999999999195381406,103.7927972999999894909706200
1.3019707999999998726536887,103.7927978999999965026290738
1.3019711999999998841559545,103.7927984999999893034328124
1.3019714999999998372715027,103.7927990999999963150912663
1.3019718999999998487737685,103.7927991999999903782736510
1.3019722999999998602760343,103.7927992999999986523107509
1.3019727999999999301650178,103.7927991999999903782736510
1.3019733000000000000540012,103.7927986999999916406522971
1.3019738999999999062850975,103.7927984999999893034328124
1.3019743999999999761740810,103.7927983999999952402504277
1.3019750999999999407918949,103.7927984999999893034328124
1.3019757999999999054097088,103.7927990999999963150912663
1.3019764999999998700275228,103.7927995999999950527126202
1.3019772999999998930320544,103.7928000999999937903339742
1.3019779000000000213077556,103.7928007000000008019924280
1.3019783000000000328100214,103.7928009999999972023942973
1.3019787000000000443122872,103.7928014000000018768332666
1.3019789999999999974278353,103.7928017999999923404175206
1.3019794999999998452722139,103.7928022999999910780388745
1.3019798999999998567744797,103.7928029999999921528797131
1.3019804999999999850501808,103.7928032999999885532815824
1.3019809999999998328945594,103.7928034999999908905010670
1.3019815999999999611702606,103.7928038000000015017576516
1.3019818999999999142858087,103.7928038999999955649400363
1.3019822999999999257880745,103.7928038000000015017576516
1.3019825000000000425615099,103.7928035999999991645381670
1.3019826999999999372903403,103.7928034999999908905010670
1.3019830999999999487926061,103.7928034999999908905010670
1.3019833999999999019081542,103.7928034999999908905010670
1.3019836999999998550237024,103.7928035999999991645381670
1.3019840000000000301838554,103.7928034999999908905010670
1.3019844000000000416861212,103.7928035999999991645381670
1.3019846999999999948016693,103.7928035999999991645381670
1.3019849999999999479172175,103.7928041999999919653419056
1.3019851999999998426460479,103.7928044999999883657437749
1.3019855000000000178062010,103.7928048999999930401827442
1.3019857999999999709217491,103.7928051999999894405846135
1.3019860999999999240372972,103.7928055999999941150235827
1.3019864999999999355395630,103.7928059999999987894625519
1.3019868999999999470418288,103.7928064999999975270839059
1.3019874000000000169308123,103.7928065999999915902662906
1.3019878000000000284330781,103.7928067999999939274857752
1.3019882000000000399353439,103.7928067999999939274857752
1.3019886000000000514376097,103.7928069999999962647052598
1.3019889999999998408952706,103.7928071999999986019247444
1.3019893000000000160554237,103.7928074000000009391442291
1.3019895999999999691709718,103.7928075999999890655089985
1.3019899999999999806732376,103.7928075999999890655089985
1.3019902999999999337887857,103.7928074000000009391442291
1.3019905000000000505622211,103.7928070999999903278876445
1.3019906999999999452910515,103.7928067999999939274857752
1.3019909999999998984065996,103.7928065999999915902662906
1.3019912000000000151800350,103.7928063999999892530468060
1.3019916000000000266823008,103.7928062000000011266820366
1.3019920000000000381845666,103.7928060999999928526449366
1.3019924000000000496868324,103.7928057999999964522430673
1.3019927000000000028023805,103.7928053999999917778040981
1.3019929999999999559179287,103.7928050000000013142198441
1.3019932999999999090334768,103.7928047999999989770003594
1.3019936999999999205357426,103.7928045999999966397808748
1.3019939999999998736512907,103.7928043000000002393790055
1.3019944999999999435402742,103.7928039999999896281224210
1.3019948999999999550425400,103.7928038000000015017576516
1.3019954000000000249315235,103.7928034999999908905010670
1.3019958999999998727759021,103.7928033999999968273186823
1.3019962999999998842781679,103.7928033999999968273186823
1.3019967999999999541671514,103.7928033999999968273186823
1.3019970999999999072826995,103.7928031000000004269168130
1.3019974999999999187849653,103.7928029999999921528797131
1.3019978999999999302872311,103.7928028999999980896973284
1.3019981999999998834027792,103.7928026000000016892954591
1.3019984999999998365183274,103.7928022999999910780388745
1.3019988000000000116784804,103.7928019999999946776370052
1.3019989999999999064073108,103.7928017999999923404175206
1.3019993999999999179095767,103.7928016999999982772351359
1.3019996999999998710251248,103.7928014999999959400156513
1.3020000000000000461852778,103.7928014000000018768332666
1.3020002999999999993008259,103.7928014000000018768332666
1.3020007000000000108030918,103.7928014000000018768332666
1.3020009999999999639186399,103.7928014999999959400156513
1.3020013999999999754209057,103.7928015999999900031980360
1.3020015999999998701497361,103.7928017999999923404175206
1.3020019000000000453098892,103.7928019000000006144546205
1.3020020999999999400387196,103.7928021999999970148564898
1.3020022999999998347675501,103.7928023999999993520759745
1.3020024999999999515409854,103.7928026000000016892954591
1.3020026999999998462698159,103.7928027999999898156602285
1.3020030000000000214299689,103.7928031000000004269168130
1.3020030999999998577720817,103.7928032999999885532815824
1.3020031999999999161587994,103.7928034999999908905010670
1.3020031999999999161587994,103.7928032999999885532815824
1.3020030999999998577720817,103.7928032999999885532815824
1.3020031999999999161587994,103.7928033999999968273186823
1.3020031999999999161587994,103.7928034999999908905010670
1.3020032999999999745455170,103.7928035999999991645381670
1.3020032999999999745455170,103.7928036999999932277205517
1.3020034000000000329322347,103.7928040999999979021595209
1.3020034000000000329322347,103.7928044999999883657437749
1.3020034999999998692743475,103.7928048999999930401827442
1.3020036999999999860477828,103.7928052999999977146217134
1.3020038000000000444345005,103.7928055999999941150235827
1.3020038999999998807766133,103.7928059999999987894625519
1.3020038999999998807766133,103.7928063999999892530468060
1.3020039999999999391633310,103.7928064999999975270839059
1.3020040999999999975500486,103.7928066999999998643033905
1.3020040999999999975500486,103.7928069000000022015228751
1.3020041999999998338921614,103.7928070999999903278876445
1.3020041999999998338921614,103.7928072999999926651071291
1.3020042999999998922788791,103.7928075999999890655089985
1.3020045000000000090523145,103.7928078999999996767655830
1.3020045000000000090523145,103.7928081999999960771674523
1.3020047999999999621678626,103.7928088999999971520082909
1.3020049999999998568966930,103.7928095999999982268491294
1.3020053999999998683989588,103.7928103999999933648723527
1.3020055999999999851723942,103.7928110999999944397131912
1.3020057999999998799012246,103.7928115999999931773345452
1.3020060999999998330167728,103.7928119999999978517735144
1.3020062999999999497902081,103.7928122999999942521753837
1.3020064999999998445190386,103.7928125999999906525772531
1.3020068000000000196791916,103.7928129000000012638338376
1.3020070999999999727947397,103.7928130999999893901986070
1.3020072999999998675235702,103.7928134000000000014551915
1.3020076000000000426837232,103.7928134999999940646375762
1.3020078999999999957992713,103.7928136999999964018570608
1.3020080999999998905281018,103.7928136999999964018570608
1.3020083999999998436436499,103.7928137999999904650394456
1.3020087000000000188038030,103.7928138999999987390765455
1.3020089999999999719193511,103.7928139999999928022589302
1.3020092999999999250348992,103.7928141000000010762960301
1.3020096999999999365371650,103.7928139999999928022589302
1.3020097999999999949238827,103.7928139999999928022589302
1.3020100999999999480394308,103.7928139999999928022589302
1.3020104999999999595416966,103.7928141000000010762960301
1.3020107999999999126572447,103.7928141000000010762960301
1.3020111999999999241595106,103.7928141999999951394784148
1.3020115999999999356617764,103.7928141000000010762960301
1.3020121000000000055507599,103.7928141999999951394784148
1.3020126999999999117818561,103.7928142999999892026607995
1.3020140000000000046753712,103.7928141000000010762960301
1.3020159000000000037999826,103.7928137999999904650394456
1.3020183999999999091556901,103.7928141999999951394784148
1.3020217999999998959026470,103.7928148000000021511368686
1.3020253999999999994230393,103.7928157999999996263795765
1.3020293999999998924010924,103.7928167999999971016222844
1.3020343999999999251571126,103.7928179999999969140844769
1.3020396999999999110286808,103.7928191999999967265466694
1.3020453999999999084025148,103.7928198999999978013875079
1.3020511999999999641630666,103.7928208999999952766302158
1.3020575999999999261547146,103.7928217999999986886905390
1.3020646000000000164220637,103.7928227999999961639332469
1.3020716999999999430315256,103.7928235999999913019564701
1.3020785999999999749121571,103.7928245999999887771991780
1.3020868999999999360284164,103.7928261999999932641003397
1.3020950999999998387579581,103.7928278999999918141838862
1.3021046999999998927677325,103.7928287999999952262442093
1.3021141999999998883907892,103.7928291999999999006831786
1.3021243999999998486316599,103.7928299000000009755240171
1.3021344999999999725304178,103.7928314999999912515704636
1.3021450999999999442735543,103.7928327999999993380697560
1.3021559000000000327901262,103.7928335000000004129105946
1.3021669999999998523776412,103.7928343999999896141162026
1.3021787999999998586275751,103.7928361999999964382368489
1.3021902999999999117619609,103.7928371999999939134795568
1.3022023000000000347853302,103.7928385000000019999788492
1.3022143999999999941508122,103.7928392999999971380020725
1.3022267999999999066318424,103.7928399999999982128429110
1.3022392999999998774995902,103.7928409999999956880856189
1.3022519999999999651407734,103.7928411999999980253051035
1.3022650999999998422396175,103.7928422999999895637301961
1.3022782999999999997697842,103.7928426999999942381691653
1.3022917000000000520287813,103.7928438999999940506313578
1.3023050999999998822431735,103.7928446999999891886545811
1.3023185999999999928888883,103.7928457999999949379343889
1.3023332999999999159967956,103.7928478999999981624569045
1.3023470999999999797580585,103.7928508999999905881850282
1.3023620999999998559815140,103.7928629999999969868440530
1.3023763999999999896317604,103.7928695999999888499587541
1.3023910999999999127396677,103.7928751999999974486854626
1.3024069000000000340122597,103.7928783999999922116330708
1.3024240999999998624758746,103.7928809999999941737769404
1.3024385999999998908549514,103.7928833999999937987013254
1.3024537999999998838518422,103.7928850999999923487848719
1.3024685999999998653464672,103.7928879999999907113306108
1.3024828999999999989967137,103.7928919999999948231561575
1.3024963999999998875978235,103.7928958999999906609446043
1.3025108999999999159769004,103.7928979999999938854671200
1.3025253999999999443559773,103.7929001999999911731720204
1.3025398999999999727350541,103.7929035999999882733391132
1.3025533999999998613361640,103.7929075999999923851646599
1.3025655000000000427462510,103.7929110999999977593688527
1.3025773000000000489961849,103.7929152999999899975591688
1.3025887999999998800859657,103.7929190999999917721652309
1.3025997999999998633313680,103.7929226999999912095518084
1.3026102999999999987323918,103.7929262999999906469383859
1.3026203999999999005865448,103.7929303999999888219463173
1.3026303999999999660985850,103.7929338000000001329681254
1.3026400999999998564504722,103.7929371999999972331352183
1.3026504999999999334647782,103.7929405999999943333023111
1.3026603999999999405901008,103.7929436000000009698851500
1.3026709999999999123332373,103.7929463999999910583937890
1.3026812999999999309608256,103.7929493999999976949766278
1.3026914999999998912016963,103.7929527999999947951437207
1.3027016999999998514425670,103.7929560999999978321284289
1.3027113999999999638390591,103.7929591999999985318936524
1.3027215999999999240799298,103.7929625000000015688783606
1.3027318999999999427075181,103.7929650999999893201675150
1.3027419999999998445616711,103.7929674999999889450919000
1.3027514000000000038426151,103.7929702999999932444552542
1.3027607999999999410789542,103.7929728999999952065991238
1.3027693999999998553107616,103.7929747999999960939021548
1.3027778999999999332004563,103.7929776999999944564478938
1.3027865999999999058189815,103.7929804999999987558112480
1.3027949999999999253219585,103.7929827999999901066985331
1.3028030999999999917093874,103.7929844999999886567820795
1.3028113999999999528256467,103.7929859999999990805008565
1.3028197999999999723286237,103.7929879999999940309862723
1.3028279999999998750581653,103.7929900999999972555087879
1.3028357999999999883300461,103.7929913999999911311533651
1.3028438999999998326728701,103.7929912999999970679709804
1.3028509999999999813269369,103.7929891999999938434484648
1.3028584999999999194386646,103.7929844999999886567820795
1.3028663000000000327105454,103.7929783000000014681063476
1.3028733999999999593200073,103.7929690999999934319930617
1.3028805999999999443161869,103.7929622999999992316588759
1.3028881999999999408146323,103.7929564999999882957126829
1.3028956000000000425842472,103.7929505999999975074388203
1.3029017999999998878024599,103.7929434999999926958480501
1.3029090999999999311853571,103.7929369000000008327333489
1.3029162999999999161815367,103.7929302000000006955815479
1.3029224999999999834443543,103.7929221999999924719304545
1.3029272999999998994269390,103.7929130999999927098542685
1.3029332000000000135742084,103.7929041999999952849975671
1.3029378000000000348279627,103.7928946999999908484824118
1.3029443999999998915484412,103.7928871000000015101250028
1.3029494999999999826911790,103.7928792999999956236933940
1.3029539999999999455582156,103.7928707999999886624209466
1.3029598999999998376608801,103.7928622000000018488208298
1.3029654999999999986926014,103.7928531999999961499270285
1.3029707999999999845641696,103.7928446999999891886545811
1.3029775999999999580580834,103.7928382999999996627593646
1.3029842000000000368231667,103.7928312999999889143509790
1.3029903000000000456992666,103.7928239000000019132130546
1.3030053999999999803094397,103.7928224999999997635313775
1.3030116999999998839143700,103.7928155999999972891600919
1.3030184000000000210661710,103.7928086999999948147888063
1.3030256999999998424044634,103.7928022999999910780388745
1.3030322999999999211695467,103.7927964999999943529473967
1.3030361999999999778054871,103.7927892000000014149918570
1.3030397000000000229391617,103.7927832000000023526808945
1.3030426999999999981838528,103.7927777999999960911736707
1.3030455999999999150418262,103.7927722999999957664840622
1.3030460999999999849308097,103.7927658999999920297341305
1.3030439999999998690327629,103.7927604999999999790816219
1.3030443999999998805350288,103.7927557000000007292328519
1.3030462999999998796596401,103.7927528000000023666871130
1.3030464999999999964330755,103.7927474999999901683622738
1.3030485999999998902865173,103.7927444999999977426341502
1.3030505999999999477978463,103.7927423000000004549292498
1.3030512999999999124156602,103.7927389999999974179445417
1.3030530999999998531535539,103.7927371999999905938238953
1.3030534999999998646558197,103.7927357999999884441422182
1.3030526000000000053091753,103.7927349999999933061189950
1.3030550999999999106648829,103.7927342999999922312781564
1.3030562999999999451716803,103.7927342999999922312781564
1.3030572999999998629050424,103.7927348999999992429366102
1.3030581999999999442962917,103.7927349999999933061189950
1.3030591999999998620296537,103.7927339999999958308762871
1.3030612999999999779277005,103.7927344999999945684976410
1.3030627999999999655500460,103.7927345999999886316800257
1.3030635999999999885545776,103.7927324999999996180122253
1.3030658999999999991814548,103.7927190999999993437086232
1.3030663999999998470258333,103.7927128999999979441781761
1.3030677999999999983060661,103.7927102999999959820343065
1.3030690999999998691549763,103.7927080999999986943294061
1.3030783999999999700492026,103.7926993999999893958374741
1.3030828999999999329162392,103.7926922999999987951014191
1.3030842000000000258097543,103.7926827999999943585862638
1.3030848999999999904275683,103.7926736000000005333276931
1.3030891999999998365211695,103.7926691999999917470631772
1.3030916999999999639214820,103.7926631999999926847522147
1.3030919999999999170370302,103.7926561999999961471985443
1.3030911999999998940324986,103.7926472999999987223418429
1.3030903999999998710279669,103.7926400999999998475686880
1.3030934999999999046593757,103.7926374999999978854248184
1.3030960999999998684018010,103.7926348999999959232809488
1.3030985999999999958021135,103.7926321999999998979546945
1.3031002999999998781532895,103.7926277999999911116901785
1.3031002999999998781532895,103.7926221999999967238181853
1.3031047999999998410203261,103.7926202999999958365151542
1.3031053999999999692960273,103.7926147000000014486431610
1.3031048999999998994070438,103.7926078999999930374542600
1.3031032999999998533979806,103.7925998999999990246578818
1.3031036999999998649002464,103.7925955999999985124304658
1.3031044999999998879047780,103.7925917999999967378244037
1.3031044999999998879047780,103.7925892999999888388629188
1.3031047999999998410203261,103.7925884999999937008396955
