2.7590896047285264103265945e+02
2.0303699830059221653755230e+02
2.7515003494042315423939726e+02
2.0459324002223186766968865e+02
2.7431034209232456078098039e+02
2.0633026729476347327363328e+02
2.7345404535872467022272758e+02
2.0811057497565872154154931e+02
2.7261202060752196985049522e+02
2.0978359876868313449449488e+02
2.7178216098801067346357740e+02
2.1152162155176534952261136e+02
2.7087602046833950453219586e+02
2.1338081876546857529319823e+02
2.6980018377766521098237718e+02
2.1565502823996132519823732e+02
2.6898708882834210953660659e+02
2.1730830760690270153645542e+02
2.6818098251741656667945790e+02
2.1902143111197003122470051e+02
2.6746418961547902881648042e+02
2.2060495274655306729982840e+02
2.6671507013140188746547210e+02
2.2219811459996688540741161e+02
2.6601873676257230272312881e+02
2.2379346826544167470274260e+02
2.6534157225951196323876502e+02
2.2535182729408751356459106e+02
2.6465172018932969422166934e+02
2.2686135406246802403984475e+02
2.6403080508576022111810744e+02
2.2828845629579205933623598e+02
2.6318131649947054029325955e+02
2.3019220018912372438535385e+02
2.6258501261562815898287226e+02
2.3155848599712913937764824e+02
2.6200737017421050722987275e+02
2.3281257196774345175072085e+02
2.6148853861066618264885619e+02
2.3399376676196945368246816e+02
2.6105618901085028937814059e+02
2.3499223639747447123227175e+02
2.6039043484975303499595611e+02
2.3642297828094791611874825e+02
2.5978930199511597720629652e+02
2.3768285316663263984082732e+02
2.5953628599743012728140457e+02
2.3822148896797526163027214e+02
2.5882241566303372337642941e+02
2.3960943210220409582689172e+02
2.5829129742894610899384134e+02
2.4058844501335019572252349e+02
2.5769299664053005471942015e+02
2.4160484940309851253914530e+02
2.5707856605531452487412025e+02
2.4263264357397417825268349e+02
2.5681978614601507615589071e+02
2.4304040879724465185063309e+02
2.5633000503722576013387879e+02
2.4383453972043409407888248e+02
2.5606185367770842731260927e+02
2.4426476408444551680076984e+02
2.5557570361365176836443425e+02
2.4503279263522827591259556e+02
2.5533830723792854655584961e+02
2.4538370762021702375932364e+02
2.5475632748617698553061928e+02
2.4626727446227053519578476e+02
2.5446407131016070479745395e+02
2.4669713107674226648668991e+02
2.5420511845546238305360021e+02
2.4709864139760020407265984e+02
2.5395412886666764507026528e+02
2.4744950558250607741683780e+02
2.5395412886666764507026528e+02
2.4744950558250607741683780e+02
2.5365550796653468523800257e+02
2.4789262171907850529350981e+02
2.5339994756164674072351772e+02
2.4827473406241952602613310e+02
2.5339994756164674072351772e+02
2.4827473406241952602613310e+02
2.5315682236238964719632349e+02
2.4864741384100418031266599e+02
2.5315682236238964719632349e+02
2.4864741384100418031266599e+02
2.5293676580492825678447844e+02
2.4898306457864103435895231e+02
2.5293676580492825678447844e+02
2.4898306457864103435895231e+02
2.5293676580492825678447844e+02
2.4898306457864103435895231e+02
2.5293676580492825678447844e+02
2.4898306457864103435895231e+02
2.5293676580492825678447844e+02
2.4898306457864103435895231e+02
2.5293676580492825678447844e+02
2.4898306457864103435895231e+02
2.5293676580492825678447844e+02
2.4898306457864103435895231e+02
2.5293676580492825678447844e+02
2.4898306457864103435895231e+02
2.5293676580492825678447844e+02
2.4898306457864103435895231e+02
2.5293676580492825678447844e+02
2.4898306457864103435895231e+02
2.5293676580492825678447844e+02
2.4898306457864103435895231e+02
2.5293676580492825678447844e+02
2.4898306457864103435895231e+02
2.5293676580492825678447844e+02
2.4898306457864103435895231e+02
2.5293676580492825678447844e+02
2.4898306457864103435895231e+02
2.5293676580492825678447844e+02
2.4898306457864103435895231e+02
2.5293676580492825678447844e+02
2.4898306457864103435895231e+02
2.5293676580492825678447844e+02
2.4898306457864103435895231e+02
2.5293676580492825678447844e+02
2.4898306457864103435895231e+02
2.5293676580492825678447844e+02
2.4898306457864103435895231e+02
2.5293676580492825678447844e+02
2.4898306457864103435895231e+02
2.5293676580492825678447844e+02
2.4898306457864103435895231e+02
2.5293676580492825678447844e+02
2.4898306457864103435895231e+02
2.5293676580492825678447844e+02
2.4898306457864103435895231e+02
2.5293676580492825678447844e+02
2.4898306457864103435895231e+02
2.5293676580492825678447844e+02
2.4898306457864103435895231e+02
2.5293676580492825678447844e+02
2.4898306457864103435895231e+02
2.5293676580492825678447844e+02
2.4898306457864103435895231e+02
2.5293676580492825678447844e+02
2.4898306457864103435895231e+02
2.5293676580492825678447844e+02
2.4898306457864103435895231e+02
2.5293676580492825678447844e+02
2.4898306457864103435895231e+02
2.5293676580492825678447844e+02
2.4898306457864103435895231e+02
2.5293676580492825678447844e+02
2.4898306457864103435895231e+02
2.5293676580492825678447844e+02
2.4898306457864103435895231e+02
2.5293676580492825678447844e+02
2.4898306457864103435895231e+02
2.5293676580492825678447844e+02
2.4898306457864103435895231e+02
2.5293676580492825678447844e+02
2.4898306457864103435895231e+02
2.5293676580492825678447844e+02
2.4898306457864103435895231e+02
2.5293676580492825678447844e+02
2.4898306457864103435895231e+02
2.5293676580492825678447844e+02
2.4898306457864103435895231e+02
2.5293676580492825678447844e+02
2.4898306457864103435895231e+02
2.5293676580492825678447844e+02
2.4898306457864103435895231e+02
2.5293676580492825678447844e+02
2.4898306457864103435895231e+02
2.5293676580492825678447844e+02
2.4898306457864103435895231e+02
2.5293676580492825678447844e+02
2.4898306457864103435895231e+02
2.5293676580492825678447844e+02
2.4898306457864103435895231e+02
2.5293676580492825678447844e+02
2.4898306457864103435895231e+02
2.5293676580492825678447844e+02
2.4898306457864103435895231e+02
2.5293676580492825678447844e+02
2.4898306457864103435895231e+02
2.5293676580492825678447844e+02
2.4898306457864103435895231e+02
2.5293676580492825678447844e+02
2.4898306457864103435895231e+02
2.5293676580492825678447844e+02
2.4898306457864103435895231e+02
2.5293676580492825678447844e+02
2.4898306457864103435895231e+02
2.5293676580492825678447844e+02
2.4898306457864103435895231e+02
2.5293676580492825678447844e+02
2.4898306457864103435895231e+02
2.5293676580492825678447844e+02
2.4898306457864103435895231e+02
2.5293676580492825678447844e+02
2.4898306457864103435895231e+02
2.5293676580492825678447844e+02
2.4898306457864103435895231e+02
2.5293676580492825678447844e+02
2.4898306457864103435895231e+02
2.5293676580492825678447844e+02
2.4898306457864103435895231e+02
2.5293676580492825678447844e+02
2.4898306457864103435895231e+02
2.5293676580492825678447844e+02
2.4898306457864103435895231e+02
2.5293676580492825678447844e+02
2.4898306457864103435895231e+02
2.5293676580492825678447844e+02
2.4898306457864103435895231e+02
2.5293676580492825678447844e+02
2.4898306457864103435895231e+02
2.5293676580492825678447844e+02
2.4898306457864103435895231e+02
2.5293676580492825678447844e+02
2.4898306457864103435895231e+02
2.5293676580492825678447844e+02
2.4898306457864103435895231e+02
2.5293676580492825678447844e+02
2.4898306457864103435895231e+02
2.5293676580492825678447844e+02
2.4898306457864103435895231e+02
2.5293676580492825678447844e+02
2.4898306457864103435895231e+02
2.5293676580492825678447844e+02
2.4898306457864103435895231e+02
2.5293676580492825678447844e+02
2.4898306457864103435895231e+02
2.5293676580492825678447844e+02
2.4898306457864103435895231e+02
2.5293676580492825678447844e+02
2.4898306457864103435895231e+02
2.5293676580492825678447844e+02
2.4898306457864103435895231e+02
2.5293676580492825678447844e+02
2.4898306457864103435895231e+02
2.5293676580492825678447844e+02
2.4898306457864103435895231e+02
2.5293676580492825678447844e+02
2.4898306457864103435895231e+02
2.5293676580492825678447844e+02
2.4898306457864103435895231e+02
2.5293676580492825678447844e+02
2.4898306457864103435895231e+02
2.5293676580492825678447844e+02
2.4898306457864103435895231e+02
2.5293676580492825678447844e+02
2.4898306457864103435895231e+02
2.5293676580492825678447844e+02
2.4898306457864103435895231e+02
2.5293676580492825678447844e+02
2.4898306457864103435895231e+02
2.5293676580492825678447844e+02
2.4898306457864103435895231e+02
2.5293676580492825678447844e+02
2.4898306457864103435895231e+02
2.5293676580492825678447844e+02
2.4898306457864103435895231e+02
2.5293676580492825678447844e+02
2.4898306457864103435895231e+02
2.5293676580492825678447844e+02
2.4898306457864103435895231e+02
2.5293676580492825678447844e+02
2.4898306457864103435895231e+02
2.5293676580492825678447844e+02
2.4898306457864103435895231e+02
2.5293676580492825678447844e+02
2.4898306457864103435895231e+02
2.5293676580492825678447844e+02
2.4898306457864103435895231e+02
2.5293676580492825678447844e+02
2.4898306457864103435895231e+02
2.5293676580492825678447844e+02
2.4898306457864103435895231e+02
2.5293676580492825678447844e+02
2.4898306457864103435895231e+02
2.5293676580492825678447844e+02
2.4898306457864103435895231e+02
2.5293676580492825678447844e+02
2.4898306457864103435895231e+02
2.5293676580492825678447844e+02
2.4898306457864103435895231e+02
2.5293676580492825678447844e+02
2.4898306457864103435895231e+02
2.5293676580492825678447844e+02
2.4898306457864103435895231e+02
2.5293676580492825678447844e+02
2.4898306457864103435895231e+02
2.5293676580492825678447844e+02
2.4898306457864103435895231e+02
2.5293676580492825678447844e+02
2.4898306457864103435895231e+02
2.5293676580492825678447844e+02
2.4898306457864103435895231e+02
2.5293676580492825678447844e+02
2.4898306457864103435895231e+02
2.5293676580492825678447844e+02
2.4898306457864103435895231e+02
2.5293676580492825678447844e+02
2.4898306457864103435895231e+02
2.5293676580492825678447844e+02
2.4898306457864103435895231e+02
2.5293676580492825678447844e+02
2.4898306457864103435895231e+02
2.5293676580492825678447844e+02
2.4898306457864103435895231e+02
2.5293676580492825678447844e+02
2.4898306457864103435895231e+02
2.5293676580492825678447844e+02
2.4898306457864103435895231e+02
2.5293676580492825678447844e+02
2.4898306457864103435895231e+02
2.5293676580492825678447844e+02
2.4898306457864103435895231e+02
2.5293676580492825678447844e+02
2.4898306457864103435895231e+02
2.5293676580492825678447844e+02
2.4898306457864103435895231e+02
2.5293676580492825678447844e+02
2.4898306457864103435895231e+02
2.5293676580492825678447844e+02
2.4898306457864103435895231e+02
2.5293676580492825678447844e+02
2.4898306457864103435895231e+02
2.5293676580492825678447844e+02
2.4898306457864103435895231e+02
2.5293676580492825678447844e+02
2.4898306457864103435895231e+02
2.5293676580492825678447844e+02
2.4898306457864103435895231e+02
2.5293676580492825678447844e+02
2.4898306457864103435895231e+02
2.5293676580492825678447844e+02
2.4898306457864103435895231e+02
2.5293676580492825678447844e+02
2.4898306457864103435895231e+02
2.5293676580492825678447844e+02
2.4898306457864103435895231e+02
2.5293676580492825678447844e+02
2.4898306457864103435895231e+02
2.5293676580492825678447844e+02
2.4898306457864103435895231e+02
2.5293676580492825678447844e+02
2.4898306457864103435895231e+02
2.5293676580492825678447844e+02
2.4898306457864103435895231e+02
2.5293676580492825678447844e+02
2.4898306457864103435895231e+02
2.5293676580492825678447844e+02
2.4898306457864103435895231e+02
2.5293676580492825678447844e+02
2.4898306457864103435895231e+02
2.5293676580492825678447844e+02
2.4898306457864103435895231e+02
2.5293676580492825678447844e+02
2.4898306457864103435895231e+02
2.5293676580492825678447844e+02
2.4898306457864103435895231e+02
2.5293676580492825678447844e+02
2.4898306457864103435895231e+02
2.5293676580492825678447844e+02
2.4898306457864103435895231e+02
2.5293676580492825678447844e+02
2.4898306457864103435895231e+02
2.5293676580492825678447844e+02
2.4898306457864103435895231e+02
2.5293676580492825678447844e+02
2.4898306457864103435895231e+02
2.5293676580492825678447844e+02
2.4898306457864103435895231e+02
2.5293676580492825678447844e+02
2.4898306457864103435895231e+02
2.5293676580492825678447844e+02
2.4898306457864103435895231e+02
2.5293676580492825678447844e+02
2.4898306457864103435895231e+02
2.5293676580492825678447844e+02
2.4898306457864103435895231e+02
2.5293676580492825678447844e+02
2.4898306457864103435895231e+02
2.5293676580492825678447844e+02
2.4898306457864103435895231e+02
2.5293676580492825678447844e+02
2.4898306457864103435895231e+02
2.5293676580492825678447844e+02
2.4898306457864103435895231e+02
2.5293676580492825678447844e+02
2.4898306457864103435895231e+02
2.5293676580492825678447844e+02
2.4898306457864103435895231e+02
2.5293676580492825678447844e+02
2.4898306457864103435895231e+02
2.5293676580492825678447844e+02
2.4898306457864103435895231e+02
2.5293676580492825678447844e+02
2.4898306457864103435895231e+02
2.5293676580492825678447844e+02
2.4898306457864103435895231e+02
2.5293676580492825678447844e+02
2.4898306457864103435895231e+02
2.5293676580492825678447844e+02
2.4898306457864103435895231e+02
2.5293676580492825678447844e+02
2.4898306457864103435895231e+02
2.5293676580492825678447844e+02
2.4898306457864103435895231e+02
2.5293676580492825678447844e+02
2.4898306457864103435895231e+02
2.5293676580492825678447844e+02
2.4898306457864103435895231e+02
2.5293676580492825678447844e+02
2.4898306457864103435895231e+02
2.5293676580492825678447844e+02
2.4898306457864103435895231e+02
2.5293676580492825678447844e+02
2.4898306457864103435895231e+02
2.5293676580492825678447844e+02
2.4898306457864103435895231e+02
2.5293676580492825678447844e+02
2.4898306457864103435895231e+02
2.5293676580492825678447844e+02
2.4898306457864103435895231e+02
2.5293676580492825678447844e+02
2.4898306457864103435895231e+02
2.5293676580492825678447844e+02
2.4898306457864103435895231e+02
2.5293676580492825678447844e+02
2.4898306457864103435895231e+02
2.5293676580492825678447844e+02
2.4898306457864103435895231e+02
2.5293676580492825678447844e+02
2.4898306457864103435895231e+02
2.5293676580492825678447844e+02
2.4898306457864103435895231e+02
2.5293676580492825678447844e+02
2.4898306457864103435895231e+02
2.5293676580492825678447844e+02
2.4898306457864103435895231e+02
2.5293676580492825678447844e+02
2.4898306457864103435895231e+02
2.5293676580492825678447844e+02
2.4898306457864103435895231e+02
2.5293676580492825678447844e+02
2.4898306457864103435895231e+02
2.5293676580492825678447844e+02
2.4898306457864103435895231e+02
2.5293676580492825678447844e+02
2.4898306457864103435895231e+02
2.5293676580492825678447844e+02
2.4898306457864103435895231e+02
2.5293676580492825678447844e+02
2.4898306457864103435895231e+02
2.5293676580492825678447844e+02
2.4898306457864103435895231e+02
2.5293676580492825678447844e+02
2.4898306457864103435895231e+02
2.5293676580492825678447844e+02
2.4898306457864103435895231e+02
2.5293676580492825678447844e+02
2.4898306457864103435895231e+02
2.5293676580492825678447844e+02
2.4898306457864103435895231e+02
2.5293676580492825678447844e+02
2.4898306457864103435895231e+02
2.5293676580492825678447844e+02
2.4898306457864103435895231e+02
2.5293676580492825678447844e+02
2.4898306457864103435895231e+02
2.5293676580492825678447844e+02
2.4898306457864103435895231e+02
2.5293676580492825678447844e+02
2.4898306457864103435895231e+02
2.5293676580492825678447844e+02
2.4898306457864103435895231e+02
2.5293676580492825678447844e+02
2.4898306457864103435895231e+02
2.5293676580492825678447844e+02
2.4898306457864103435895231e+02
2.5293676580492825678447844e+02
2.4898306457864103435895231e+02
2.5293676580492825678447844e+02
2.4898306457864103435895231e+02
2.5293676580492825678447844e+02
2.4898306457864103435895231e+02
2.5293676580492825678447844e+02
2.4898306457864103435895231e+02
2.5293676580492825678447844e+02
2.4898306457864103435895231e+02
2.5293676580492825678447844e+02
2.4898306457864103435895231e+02
2.5293676580492825678447844e+02
2.4898306457864103435895231e+02
2.5293676580492825678447844e+02
2.4898306457864103435895231e+02
2.5293676580492825678447844e+02
2.4898306457864103435895231e+02
2.5293676580492825678447844e+02
2.4898306457864103435895231e+02
2.5293676580492825678447844e+02
2.4898306457864103435895231e+02
2.5293676580492825678447844e+02
2.4898306457864103435895231e+02
2.5293676580492825678447844e+02
2.4898306457864103435895231e+02
2.5293676580492825678447844e+02
2.4898306457864103435895231e+02
2.5293676580492825678447844e+02
2.4898306457864103435895231e+02
2.5293676580492825678447844e+02
2.4898306457864103435895231e+02
2.5293676580492825678447844e+02
2.4898306457864103435895231e+02
2.5293676580492825678447844e+02
2.4898306457864103435895231e+02
2.5293676580492825678447844e+02
2.4898306457864103435895231e+02
2.5293676580492825678447844e+02
2.4898306457864103435895231e+02
2.5293676580492825678447844e+02
2.4898306457864103435895231e+02
2.5293676580492825678447844e+02
2.4898306457864103435895231e+02
2.5293676580492825678447844e+02
2.4898306457864103435895231e+02
2.5293676580492825678447844e+02
2.4898306457864103435895231e+02
2.5293676580492825678447844e+02
2.4898306457864103435895231e+02
2.5293676580492825678447844e+02
2.4898306457864103435895231e+02
2.5293676580492825678447844e+02
2.4898306457864103435895231e+02
2.5293676580492825678447844e+02
2.4898306457864103435895231e+02
2.5293676580492825678447844e+02
2.4898306457864103435895231e+02
2.5293676580492825678447844e+02
2.4898306457864103435895231e+02
2.5293676580492825678447844e+02
2.4898306457864103435895231e+02
2.5293676580492825678447844e+02
2.4898306457864103435895231e+02
2.5293676580492825678447844e+02
2.4898306457864103435895231e+02
2.5293676580492825678447844e+02
2.4898306457864103435895231e+02
2.5293676580492825678447844e+02
2.4898306457864103435895231e+02
2.5293676580492825678447844e+02
2.4898306457864103435895231e+02
2.5293676580492825678447844e+02
2.4898306457864103435895231e+02
2.5293676580492825678447844e+02
2.4898306457864103435895231e+02
2.5293676580492825678447844e+02
2.4898306457864103435895231e+02
2.5293676580492825678447844e+02
2.4898306457864103435895231e+02
2.5293676580492825678447844e+02
2.4898306457864103435895231e+02
2.5293676580492825678447844e+02
2.4898306457864103435895231e+02
2.5293676580492825678447844e+02
2.4898306457864103435895231e+02
2.5293676580492825678447844e+02
2.4898306457864103435895231e+02
2.5293676580492825678447844e+02
2.4898306457864103435895231e+02
2.5293676580492825678447844e+02
2.4898306457864103435895231e+02
2.5293676580492825678447844e+02
2.4898306457864103435895231e+02
2.5293676580492825678447844e+02
2.4898306457864103435895231e+02
2.5293676580492825678447844e+02
2.4898306457864103435895231e+02
2.5293676580492825678447844e+02
2.4898306457864103435895231e+02
2.5293676580492825678447844e+02
2.4898306457864103435895231e+02
2.5293676580492825678447844e+02
2.4898306457864103435895231e+02
2.5293676580492825678447844e+02
2.4898306457864103435895231e+02
2.5293676580492825678447844e+02
2.4898306457864103435895231e+02
2.5293676580492825678447844e+02
2.4898306457864103435895231e+02
2.5293676580492825678447844e+02
2.4898306457864103435895231e+02
2.5293676580492825678447844e+02
2.4898306457864103435895231e+02
2.5293676580492825678447844e+02
2.4898306457864103435895231e+02
2.5293676580492825678447844e+02
2.4898306457864103435895231e+02
2.5293676580492825678447844e+02
2.4898306457864103435895231e+02
2.5293676580492825678447844e+02
2.4898306457864103435895231e+02
2.5293676580492825678447844e+02
2.4898306457864103435895231e+02
2.5293676580492825678447844e+02
2.4898306457864103435895231e+02
2.5293676580492825678447844e+02
2.4898306457864103435895231e+02
2.5293676580492825678447844e+02
2.4898306457864103435895231e+02
2.5293676580492825678447844e+02
2.4898306457864103435895231e+02
2.5293676580492825678447844e+02
2.4898306457864103435895231e+02
2.5293676580492825678447844e+02
2.4898306457864103435895231e+02
2.5293676580492825678447844e+02
2.4898306457864103435895231e+02
2.5293676580492825678447844e+02
2.4898306457864103435895231e+02
2.5293676580492825678447844e+02
2.4898306457864103435895231e+02
2.5293676580492825678447844e+02
2.4898306457864103435895231e+02
2.5293676580492825678447844e+02
2.4898306457864103435895231e+02
2.5293676580492825678447844e+02
2.4898306457864103435895231e+02
2.5293676580492825678447844e+02
2.4898306457864103435895231e+02
2.5293676580492825678447844e+02
2.4898306457864103435895231e+02
2.5293676580492825678447844e+02
2.4898306457864103435895231e+02
2.5293676580492825678447844e+02
2.4898306457864103435895231e+02
2.5293676580492825678447844e+02
2.4898306457864103435895231e+02
2.5293676580492825678447844e+02
2.4898306457864103435895231e+02
2.5293676580492825678447844e+02
2.4898306457864103435895231e+02
2.5293676580492825678447844e+02
2.4898306457864103435895231e+02
2.5293676580492825678447844e+02
2.4898306457864103435895231e+02
2.5293676580492825678447844e+02
2.4898306457864103435895231e+02
2.5293676580492825678447844e+02
2.4898306457864103435895231e+02
2.5293676580492825678447844e+02
2.4898306457864103435895231e+02
2.5293676580492825678447844e+02
2.4898306457864103435895231e+02
2.5293676580492825678447844e+02
2.4898306457864103435895231e+02
2.5293676580492825678447844e+02
2.4898306457864103435895231e+02
2.5293676580492825678447844e+02
2.4898306457864103435895231e+02
2.5293676580492825678447844e+02
2.4898306457864103435895231e+02
2.5293676580492825678447844e+02
2.4898306457864103435895231e+02
2.5293676580492825678447844e+02
2.4898306457864103435895231e+02
2.5293676580492825678447844e+02
2.4898306457864103435895231e+02
2.5293676580492825678447844e+02
2.4898306457864103435895231e+02
2.5293676580492825678447844e+02
2.4898306457864103435895231e+02
2.5293676580492825678447844e+02
2.4898306457864103435895231e+02
2.5293676580492825678447844e+02
2.4898306457864103435895231e+02
2.5293676580492825678447844e+02
2.4898306457864103435895231e+02
2.5293676580492825678447844e+02
2.4898306457864103435895231e+02
2.5293676580492825678447844e+02
2.4898306457864103435895231e+02
2.5293676580492825678447844e+02
2.4898306457864103435895231e+02
2.5293676580492825678447844e+02
2.4898306457864103435895231e+02
2.5293676580492825678447844e+02
2.4898306457864103435895231e+02
2.5293676580492825678447844e+02
2.4898306457864103435895231e+02
2.5293676580492825678447844e+02
2.4898306457864103435895231e+02
2.5293676580492825678447844e+02
2.4898306457864103435895231e+02
2.5293676580492825678447844e+02
2.4898306457864103435895231e+02
2.5293676580492825678447844e+02
2.4898306457864103435895231e+02
2.5293676580492825678447844e+02
2.4898306457864103435895231e+02
2.5293676580492825678447844e+02
2.4898306457864103435895231e+02
2.5293676580492825678447844e+02
2.4898306457864103435895231e+02
2.5293676580492825678447844e+02
2.4898306457864103435895231e+02
2.5293676580492825678447844e+02
2.4898306457864103435895231e+02
2.5293676580492825678447844e+02
2.4898306457864103435895231e+02
2.5293676580492825678447844e+02
2.4898306457864103435895231e+02
2.5293676580492825678447844e+02
2.4898306457864103435895231e+02
2.5293676580492825678447844e+02
2.4898306457864103435895231e+02
2.5293676580492825678447844e+02
2.4898306457864103435895231e+02
2.5293676580492825678447844e+02
2.4898306457864103435895231e+02
2.5293676580492825678447844e+02
2.4898306457864103435895231e+02
2.5293676580492825678447844e+02
2.4898306457864103435895231e+02
2.5293676580492825678447844e+02
2.4898306457864103435895231e+02
2.5293676580492825678447844e+02
2.4898306457864103435895231e+02
2.5293676580492825678447844e+02
2.4898306457864103435895231e+02
2.5293676580492825678447844e+02
2.4898306457864103435895231e+02
2.5293676580492825678447844e+02
2.4898306457864103435895231e+02
2.5293676580492825678447844e+02
2.4898306457864103435895231e+02
2.5293676580492825678447844e+02
2.4898306457864103435895231e+02
2.5293676580492825678447844e+02
2.4898306457864103435895231e+02
2.5293676580492825678447844e+02
2.4898306457864103435895231e+02
2.5293676580492825678447844e+02
2.4898306457864103435895231e+02
2.5293676580492825678447844e+02
2.4898306457864103435895231e+02
2.5293676580492825678447844e+02
2.4898306457864103435895231e+02
2.5293676580492825678447844e+02
2.4898306457864103435895231e+02
2.5293676580492825678447844e+02
2.4898306457864103435895231e+02
2.5293676580492825678447844e+02
2.4898306457864103435895231e+02
2.5293676580492825678447844e+02
2.4898306457864103435895231e+02
2.5293676580492825678447844e+02
2.4898306457864103435895231e+02
2.5293676580492825678447844e+02
2.4898306457864103435895231e+02
2.5293676580492825678447844e+02
2.4898306457864103435895231e+02
2.5293676580492825678447844e+02
2.4898306457864103435895231e+02
2.5293676580492825678447844e+02
2.4898306457864103435895231e+02
2.5293676580492825678447844e+02
2.4898306457864103435895231e+02
2.5293676580492825678447844e+02
2.4898306457864103435895231e+02
2.5293676580492825678447844e+02
2.4898306457864103435895231e+02
2.5293676580492825678447844e+02
2.4898306457864103435895231e+02
2.5293676580492825678447844e+02
2.4898306457864103435895231e+02
2.5293676580492825678447844e+02
2.4898306457864103435895231e+02
2.5293676580492825678447844e+02
2.4898306457864103435895231e+02
2.5293676580492825678447844e+02
2.4898306457864103435895231e+02
2.5293676580492825678447844e+02
2.4898306457864103435895231e+02
2.5293676580492825678447844e+02
2.4898306457864103435895231e+02
2.5293676580492825678447844e+02
2.4898306457864103435895231e+02
2.5293676580492825678447844e+02
2.4898306457864103435895231e+02
2.5293676580492825678447844e+02
2.4898306457864103435895231e+02
2.5293676580492825678447844e+02
2.4898306457864103435895231e+02
2.5293676580492825678447844e+02
2.4898306457864103435895231e+02
2.5293676580492825678447844e+02
2.4898306457864103435895231e+02
2.5293676580492825678447844e+02
2.4898306457864103435895231e+02
2.5293676580492825678447844e+02
2.4898306457864103435895231e+02
2.5293676580492825678447844e+02
2.4898306457864103435895231e+02
2.5293676580492825678447844e+02
2.4898306457864103435895231e+02
2.5293676580492825678447844e+02
2.4898306457864103435895231e+02
2.5293676580492825678447844e+02
2.4898306457864103435895231e+02
2.5293676580492825678447844e+02
2.4898306457864103435895231e+02
2.5293676580492825678447844e+02
2.4898306457864103435895231e+02
2.5293676580492825678447844e+02
2.4898306457864103435895231e+02
2.5293676580492825678447844e+02
2.4898306457864103435895231e+02
2.5293676580492825678447844e+02
2.4898306457864103435895231e+02
2.5293676580492825678447844e+02
2.4898306457864103435895231e+02
2.5293676580492825678447844e+02
2.4898306457864103435895231e+02
2.5293676580492825678447844e+02
2.4898306457864103435895231e+02
2.5293676580492825678447844e+02
2.4898306457864103435895231e+02
2.5293676580492825678447844e+02
2.4898306457864103435895231e+02
2.5293676580492825678447844e+02
2.4898306457864103435895231e+02
2.5293676580492825678447844e+02
2.4898306457864103435895231e+02
2.5293676580492825678447844e+02
2.4898306457864103435895231e+02
2.5293676580492825678447844e+02
2.4898306457864103435895231e+02
2.5293676580492825678447844e+02
2.4898306457864103435895231e+02
2.5293676580492825678447844e+02
2.4898306457864103435895231e+02
2.5293676580492825678447844e+02
2.4898306457864103435895231e+02
2.5293676580492825678447844e+02
2.4898306457864103435895231e+02
2.5293676580492825678447844e+02
2.4898306457864103435895231e+02
2.5293676580492825678447844e+02
2.4898306457864103435895231e+02
2.5293676580492825678447844e+02
2.4898306457864103435895231e+02
2.5293676580492825678447844e+02
2.4898306457864103435895231e+02
2.5293676580492825678447844e+02
2.4898306457864103435895231e+02
2.5293676580492825678447844e+02
2.4898306457864103435895231e+02
2.5293676580492825678447844e+02
2.4898306457864103435895231e+02
2.5293676580492825678447844e+02
2.4898306457864103435895231e+02
2.5293676580492825678447844e+02
2.4898306457864103435895231e+02
2.5293676580492825678447844e+02
2.4898306457864103435895231e+02
2.5293676580492825678447844e+02
2.4898306457864103435895231e+02
2.5293676580492825678447844e+02
2.4898306457864103435895231e+02
2.5293676580492825678447844e+02
2.4898306457864103435895231e+02
2.5293676580492825678447844e+02
2.4898306457864103435895231e+02
2.5293676580492825678447844e+02
2.4898306457864103435895231e+02
2.5293676580492825678447844e+02
2.4898306457864103435895231e+02
2.5293676580492825678447844e+02
2.4898306457864103435895231e+02
2.5293676580492825678447844e+02
2.4898306457864103435895231e+02
2.5293676580492825678447844e+02
2.4898306457864103435895231e+02
2.5293676580492825678447844e+02
2.4898306457864103435895231e+02
2.5293676580492825678447844e+02
2.4898306457864103435895231e+02
2.5293676580492825678447844e+02
2.4898306457864103435895231e+02
2.5293676580492825678447844e+02
2.4898306457864103435895231e+02
2.5293676580492825678447844e+02
2.4898306457864103435895231e+02
2.5293676580492825678447844e+02
2.4898306457864103435895231e+02
2.5293676580492825678447844e+02
2.4898306457864103435895231e+02
2.5293676580492825678447844e+02
2.4898306457864103435895231e+02
2.5293676580492825678447844e+02
2.4898306457864103435895231e+02
2.5293676580492825678447844e+02
2.4898306457864103435895231e+02
2.5293676580492825678447844e+02
2.4898306457864103435895231e+02
2.5293676580492825678447844e+02
2.4898306457864103435895231e+02
2.5293676580492825678447844e+02
2.4898306457864103435895231e+02
2.5293676580492825678447844e+02
2.4898306457864103435895231e+02
2.5293676580492825678447844e+02
2.4898306457864103435895231e+02
2.5293676580492825678447844e+02
2.4898306457864103435895231e+02
2.5293676580492825678447844e+02
2.4898306457864103435895231e+02
2.5293676580492825678447844e+02
2.4898306457864103435895231e+02
2.5293676580492825678447844e+02
2.4898306457864103435895231e+02
2.5293676580492825678447844e+02
2.4898306457864103435895231e+02
2.5293676580492825678447844e+02
2.4898306457864103435895231e+02
2.5293676580492825678447844e+02
2.4898306457864103435895231e+02
2.5293676580492825678447844e+02
2.4898306457864103435895231e+02
2.5293676580492825678447844e+02
2.4898306457864103435895231e+02
2.5293676580492825678447844e+02
2.4898306457864103435895231e+02
2.5293676580492825678447844e+02
2.4898306457864103435895231e+02
2.5293676580492825678447844e+02
2.4898306457864103435895231e+02
2.5293676580492825678447844e+02
2.4898306457864103435895231e+02
2.5293676580492825678447844e+02
2.4898306457864103435895231e+02
2.5293676580492825678447844e+02
2.4898306457864103435895231e+02
2.5293676580492825678447844e+02
2.4898306457864103435895231e+02
2.5293676580492825678447844e+02
2.4898306457864103435895231e+02
2.5293676580492825678447844e+02
2.4898306457864103435895231e+02
2.5293676580492825678447844e+02
2.4898306457864103435895231e+02
2.5293676580492825678447844e+02
2.4898306457864103435895231e+02
2.5293676580492825678447844e+02
2.4898306457864103435895231e+02
2.5293676580492825678447844e+02
2.4898306457864103435895231e+02
2.5293676580492825678447844e+02
2.4898306457864103435895231e+02
2.5293676580492825678447844e+02
2.4898306457864103435895231e+02
2.5293676580492825678447844e+02
2.4898306457864103435895231e+02
2.5293676580492825678447844e+02
2.4898306457864103435895231e+02
2.5293676580492825678447844e+02
2.4898306457864103435895231e+02
2.5293676580492825678447844e+02
2.4898306457864103435895231e+02
2.5293676580492825678447844e+02
2.4898306457864103435895231e+02
2.5293676580492825678447844e+02
2.4898306457864103435895231e+02
2.5293676580492825678447844e+02
2.4898306457864103435895231e+02
2.5293676580492825678447844e+02
2.4898306457864103435895231e+02
2.5293676580492825678447844e+02
2.4898306457864103435895231e+02
2.5293676580492825678447844e+02
2.4898306457864103435895231e+02
2.5293676580492825678447844e+02
2.4898306457864103435895231e+02
2.5293676580492825678447844e+02
2.4898306457864103435895231e+02
2.5293676580492825678447844e+02
2.4898306457864103435895231e+02
2.5293676580492825678447844e+02
2.4898306457864103435895231e+02
2.5293676580492825678447844e+02
2.4898306457864103435895231e+02
2.5293676580492825678447844e+02
2.4898306457864103435895231e+02
2.5293676580492825678447844e+02
2.4898306457864103435895231e+02
2.5293676580492825678447844e+02
2.4898306457864103435895231e+02
2.5293676580492825678447844e+02
2.4898306457864103435895231e+02
2.5293676580492825678447844e+02
2.4898306457864103435895231e+02
2.5293676580492825678447844e+02
2.4898306457864103435895231e+02
2.5293676580492825678447844e+02
2.4898306457864103435895231e+02
2.5293676580492825678447844e+02
2.4898306457864103435895231e+02
2.5293676580492825678447844e+02
2.4898306457864103435895231e+02
2.5293676580492825678447844e+02
2.4898306457864103435895231e+02
2.5293676580492825678447844e+02
2.4898306457864103435895231e+02
2.5293676580492825678447844e+02
2.4898306457864103435895231e+02
2.5293676580492825678447844e+02
2.4898306457864103435895231e+02
2.5293676580492825678447844e+02
2.4898306457864103435895231e+02
2.5293676580492825678447844e+02
2.4898306457864103435895231e+02
2.5293676580492825678447844e+02
2.4898306457864103435895231e+02
2.5293676580492825678447844e+02
2.4898306457864103435895231e+02
2.5293676580492825678447844e+02
2.4898306457864103435895231e+02
2.5293676580492825678447844e+02
2.4898306457864103435895231e+02
2.5293676580492825678447844e+02
2.4898306457864103435895231e+02
2.5293676580492825678447844e+02
2.4898306457864103435895231e+02
2.5293676580492825678447844e+02
2.4898306457864103435895231e+02
2.5293676580492825678447844e+02
2.4898306457864103435895231e+02
2.5293676580492825678447844e+02
2.4898306457864103435895231e+02
2.5293676580492825678447844e+02
2.4898306457864103435895231e+02
2.5293676580492825678447844e+02
2.4898306457864103435895231e+02
2.5293676580492825678447844e+02
2.4898306457864103435895231e+02
2.5293676580492825678447844e+02
2.4898306457864103435895231e+02
2.5293676580492825678447844e+02
2.4898306457864103435895231e+02
2.5293676580492825678447844e+02
2.4898306457864103435895231e+02
2.5293676580492825678447844e+02
2.4898306457864103435895231e+02
2.5293676580492825678447844e+02
2.4898306457864103435895231e+02
2.5293676580492825678447844e+02
2.4898306457864103435895231e+02
2.5293676580492825678447844e+02
2.4898306457864103435895231e+02
2.5293676580492825678447844e+02
2.4898306457864103435895231e+02
2.5293676580492825678447844e+02
2.4898306457864103435895231e+02
2.5293676580492825678447844e+02
2.4898306457864103435895231e+02
2.5293676580492825678447844e+02
2.4898306457864103435895231e+02
2.5293676580492825678447844e+02
2.4898306457864103435895231e+02
2.5293676580492825678447844e+02
2.4898306457864103435895231e+02
2.5293676580492825678447844e+02
2.4898306457864103435895231e+02
2.5293676580492825678447844e+02
2.4898306457864103435895231e+02
2.5293676580492825678447844e+02
2.4898306457864103435895231e+02
2.5293676580492825678447844e+02
2.4898306457864103435895231e+02
2.5265228370306854799309804e+02
2.4944344234712417573973653e+02
2.5240042153039271966008528e+02
2.4979412490436504867830081e+02
2.5214803506016718870341720e+02
2.5015862699582626760275161e+02
2.5183748641910642618313432e+02
2.5060427450033247964711336e+02
2.5156867945934575914179732e+02
2.5101743075701006091549061e+02
2.5125009837943025559070520e+02
2.5150496526811008379809209e+02
2.5073519604202076038745872e+02
2.5229965605389605798336561e+02
2.5020468220994152375169506e+02
2.5309238632061658336169785e+02
2.4990947199190060246110079e+02
2.5355542304029330580306123e+02
2.4927046393263063350786979e+02
2.5457053143070621104016027e+02
2.4869379064888485686424247e+02
2.5548962206811020791974443e+02
2.4844553957229720708710374e+02
2.5589531191309890800766880e+02
2.4781577106040521130125853e+02
2.5689144082331625895676552e+02
2.4716867708465429132047575e+02
2.5787315161781890537895379e+02
2.4649750056391471275674121e+02
2.5889735567821759332218789e+02
2.4573771666448868700172170e+02
2.6004383327041404072588193e+02
2.4533539336605159064674808e+02
2.6066568513270175344587187e+02
2.4440044296864419948178693e+02
2.6210007919354421801472199e+02
2.4369836415244310501293512e+02
2.6318083563873778984998353e+02
2.4294111676775136743344774e+02
2.6435070458985944696905790e+02
2.4212808465141719693747291e+02
2.6555902160212627904911642e+02
2.4130039793717241991544142e+02
2.6680263148261212791112484e+02
2.4012516462615474210906541e+02
2.6851779521527339511521859e+02
2.3927212870886057771713240e+02
2.6981929539491790137617500e+02
2.3836470106375705313439539e+02
2.7117541041707784188474761e+02
2.3741295664588793101756892e+02
2.7255689700552630938545917e+02
2.3641981208241455192364811e+02
2.7399763002193060401623370e+02
2.3537046633421726937740459e+02
2.7554596641739453843911178e+02
2.3438975481152584734445554e+02
2.7698463366886403491662350e+02
2.3340202763503427263458434e+02
2.7841239654104919054589118e+02
2.3236014668311372588505037e+02
2.7992399390901772449069540e+02
2.3133975728178953090719006e+02
2.8144807450285202321538236e+02
2.2992744488513065448387351e+02
2.8352986832688947060887585e+02
2.2885866135139048083146918e+02
2.8508803398715008370345458e+02
2.2784853265253528320499754e+02
2.8657623334095848122160533e+02
2.2676593384351281201816164e+02
2.8815423277970370463663130e+02
2.2559249830189699537186243e+02
2.8978989879114919858693611e+02
2.2448898005861170190655685e+02
2.9136020974171299258159706e+02
2.2334441135700345171244408e+02
2.9304842396139201810001396e+02
2.2219812268133051702534431e+02
2.9467939050118189925342449e+02
2.2110613110679068427089078e+02
2.9630701764060819414225989e+02
2.1953434500749298763366824e+02
2.9853422160406989860348403e+02
2.1831945263647884303281899e+02
3.0024646108052633053375757e+02
2.1711884477563836526314844e+02
3.0195057399441310508336755e+02
2.1593353503095477208262309e+02
3.0367466842222540890361415e+02
2.1480283003883187120663933e+02
3.0530327657313910094671883e+02
2.1349621267039759686667821e+02
3.0710178319501500254773418e+02
2.1224357702338406284070516e+02
3.0884300393744052826150437e+02
2.1105361510824798187968554e+02
3.1058253607137197604970424e+02
2.0984550243363173649413511e+02
3.1234418288405009889174835e+02
2.0864430112784876314435678e+02
3.1413743783227818084924365e+02
2.0706771402872223575286625e+02
3.1642241158539536627358757e+02
2.0583804620453841494054359e+02
3.1818608589995676538819680e+02
2.0460780287134960531147954e+02
3.1994440734984397067819373e+02
2.0343555620984690790464811e+02
3.2162091899142069451045245e+02
2.0228250936194430664727406e+02
3.2337015902522824717379990e+02
2.0105941794227814511941688e+02
3.2515412299960604514126317e+02
1.9985316343549462203554867e+02
3.2686739175905290721857455e+02
1.9825607431121966328646522e+02
3.2928416939167180998992990e+02
1.9703738708413814606501546e+02
3.3105417475391743664658861e+02
1.9620378188256651696974586e+02
3.3227667131795192290155683e+02
1.9457599446192824643731001e+02
3.3459806327153052052381099e+02
1.9344674249077613126246433e+02
3.3625495226272897753005964e+02
1.9226769332639852905231237e+02
3.3796609943168374456945457e+02
1.9113098642003515692522342e+02
3.3963100261731301543477457e+02
1.9003201988844440961656801e+02
3.4127882868007424121969962e+02
1.8890290791959270677580207e+02
3.4293544191536250309582101e+02
1.8778955310277595458501310e+02
3.4456427064827244066691492e+02
1.8667730698903275765587750e+02
3.4615335945399806405475829e+02
1.8557559415782165501695999e+02
3.4780614103993792696201126e+02
1.8443792489942407542002911e+02
3.4951254583696413646975998e+02
1.8337032032858132879482582e+02
3.5114515331110567331052152e+02
1.8190837818273490711362683e+02
3.5321079180678594866549247e+02
1.8080466880585180433627102e+02
3.5491320273908672788820695e+02
1.7970240592748245944676455e+02
3.5647392858334609400117188e+02
1.7859578351185626843289356e+02
3.5802248666923111386495293e+02
1.7744017024244925551101915e+02
3.5957747758889871647625114e+02
